   1.0000000e+00  -8.9770568e-01   5.6450866e-01  -1.9351673e-02  -1.1463294e+00  -1.2534544e+00  -1.0278715e+00
   2.0000000e+00  -4.7256812e-01   4.3584735e-01  -1.0060361e+00   6.1446618e-01  -1.2153951e+00   2.0692146e+00
   1.0000000e+00  -1.1533440e+00   8.3052436e-01   5.3217583e-01  -1.8207101e+00   4.4297434e-01  -3.8293897e-01
   2.0000000e+00   1.4866447e+00   1.0244557e+00   3.5377166e-01   9.7555753e-01  -2.6716512e+00  -8.2272549e-01
   1.0000000e+00   1.0258464e+00   5.3101409e-01   1.9247583e-01   6.2667836e-01   4.9039693e-01   1.6236674e+00
   2.0000000e+00  -1.1706828e+00  -6.2146977e-01   8.7701735e-01  -6.7262264e-01   3.5231320e-02  -9.8838123e-01
   2.0000000e+00  -5.0119333e-01   1.1102802e+00  -7.1125879e-01   4.8084488e-01  -1.5610241e+00  -7.3175598e-01
   2.0000000e+00  -2.7046661e+00   1.0286604e+00   1.1838784e+00  -1.5363794e+00  -1.9411218e+00  -5.0976098e-01
   2.0000000e+00  -3.4518273e-01   1.0780205e+00  -6.6519467e-02   1.5387949e+00  -1.4988654e+00   1.7756334e-01
   2.0000000e+00   5.6802245e-01  -4.3492798e-01  -2.7236876e-01  -1.6527592e+00  -1.1073146e+00   6.2970203e-01
   2.0000000e+00   1.0773322e+00  -7.3844522e-01  -4.2292166e-03   3.2094510e-01   8.9936505e-01  -7.0399207e-01
   2.0000000e+00  -2.5404832e+00  -2.4938648e-01  -1.3821444e+00  -1.5887816e+00  -1.5308526e+00   3.6251423e-01
   2.0000000e+00   6.3849191e-01   1.1547146e+00  -4.4791756e-01   7.6168962e-01  -1.8614514e-01  -7.9701325e-01
   1.0000000e+00  -1.5748825e+00   3.5883946e-02  -5.4992935e-01  -5.7589384e-01   9.0450470e-01  -2.0355233e+00
   2.0000000e+00  -1.2339645e+00   8.1359877e-01  -1.4813391e+00   3.2648185e-01   4.9426176e-01   2.1287928e-01
   2.0000000e+00   1.0898441e+00  -3.4001515e-01   3.7768636e-02   1.8612804e+00   1.2512396e+00   2.8842829e-01
   1.0000000e+00   1.1735504e+00   6.9894204e-01   6.0325404e-01   2.9837448e-01  -4.1083817e-01   1.6893022e+00
   1.0000000e+00  -4.0018959e-01   4.8093386e-02  -9.6388130e-01  -2.1220696e+00   7.6731316e-01  -2.1114189e-01
   2.0000000e+00   7.8538978e-01   9.9811099e-01  -7.4197261e-01  -1.0452687e+00   1.4605388e+00   1.2758201e+00
   2.0000000e+00   2.3996434e-01  -1.1650621e+00   8.3468318e-01  -1.0308090e+00  -1.0083347e+00   1.6354130e+00
   2.0000000e+00  -7.5508599e-01   1.5873015e+00   3.4678107e-03  -9.8958089e-01  -1.8859035e+00  -7.4959413e-01
   1.0000000e+00   1.3726538e+00   4.3398172e-01  -4.4747466e-01   7.5533016e-02   8.7242624e-01   7.7797681e-01
   2.0000000e+00  -7.3199140e-01  -3.0695485e-01  -5.6380176e-01   1.3548941e+00   1.6062837e+00   7.0109530e-01
   2.0000000e+00   6.9834657e-02  -1.5055948e+00  -9.7099467e-01   1.1250539e+00  -1.0688382e+00  -5.8930251e-01
   2.0000000e+00   4.8880181e-01   4.1210031e-01   9.9659886e-01  -1.5994851e-01   7.3125121e-01   3.0462436e-01
   2.0000000e+00   5.5730106e-01   6.8714926e-01  -9.0069186e-01  -2.2281806e+00   6.1286300e-01  -1.1846175e+00
   2.0000000e+00   1.8168949e-02  -3.5680813e-01   9.1314080e-01  -2.0705052e-01  -2.6645859e-01   1.5998812e-01
   2.0000000e+00  -5.1642952e-02  -6.4639345e-02   5.0730679e-01  -5.9040182e-01   6.1644846e-01   3.6158389e-02
   2.0000000e+00  -7.0635654e-01   8.9548719e-01  -5.1284207e-01   1.0519665e+00  -4.6053879e-01   1.1786662e+00
   2.0000000e+00  -1.2519982e+00  -1.1905279e-01  -6.9680109e-02   2.9084589e-01  -1.7894934e-01   1.1862684e-01
   1.0000000e+00   5.9454893e-01   5.1430799e-01  -5.1659073e-02  -8.2353871e-01   7.9634779e-01   1.4373782e+00
   2.0000000e+00  -3.4521930e-01   1.0033018e+00  -3.9297454e-01   4.0793952e-01   6.0832805e-01  -9.3844936e-01
   2.0000000e+00  -1.3060187e+00   1.6437022e+00   9.8485148e-01  -8.3215765e-01  -7.4334683e-01  -3.1882577e+00
   2.0000000e+00   9.4113030e-01   8.3466291e-01   1.0202970e+00   1.3151321e+00  -9.8730723e-01   1.7050566e+00
   1.0000000e+00  -1.1102771e+00   3.6421454e-01  -3.7728407e-01   9.6557430e-01  -8.1500559e-01   9.5749508e-01
   2.0000000e+00   1.3547927e+00  -8.2104341e-01   8.9830219e-02   5.1782078e-01   1.6830468e+00   1.1393869e+00
   2.0000000e+00   8.5407814e-02  -1.5751014e+00   6.8764535e-01   1.8062892e-01   1.5773451e+00  -6.8831407e-01
   2.0000000e+00  -1.3815575e+00   4.0012909e-01   9.9249790e-01   1.8399190e-01   2.2080150e+00  -1.1856464e+00
   2.0000000e+00   6.9546694e-01   1.0262400e+00  -8.7093310e-01  -2.0333534e+00  -2.0701547e-01  -7.4171547e-01
   2.0000000e+00  -3.3218740e-01   6.8821108e-01  -1.4430775e+00  -4.6675057e-01  -8.6510565e-01  -1.5939922e-01
   2.0000000e+00  -1.1656521e+00   4.9384162e-01  -1.0279883e+00   6.9386435e-01  -3.6253594e-01   1.7210074e-01
   2.0000000e+00  -2.1854443e+00  -5.8369243e-02   2.2227036e+00  -7.0104598e-01  -3.2224585e-01  -3.8825575e-01
   2.0000000e+00   1.2930807e+00  -5.4944025e-02  -1.9972169e-01  -1.5375940e+00  -2.4461750e-01   1.1008954e+00
   2.0000000e+00   6.7131181e-01   1.5485137e+00  -8.9741609e-01   4.6395891e-01   1.5456689e+00  -3.4887676e-01
   1.0000000e+00  -1.1093895e+00   8.3490172e-01  -4.0640728e-01   1.2086843e-01  -3.6664564e-01   1.8774208e-01
   1.0000000e+00  -8.8886278e-01   2.8040971e-01   4.8858786e-01  -1.4956688e+00  -2.0334481e-01  -2.0849293e+00
   1.0000000e+00   4.0538782e-01   2.3526310e-01   7.2269168e-01   7.3639975e-01  -1.0460571e+00   4.1816664e-01
   2.0000000e+00  -1.9920025e+00   1.4823410e-02  -1.1486174e+00  -7.2499065e-01  -1.1942468e+00   3.3429517e-01
   2.0000000e+00   1.5164494e+00   2.3539027e+00   5.5604007e-01   1.1791324e+00  -1.0399981e+00  -4.3560091e-01
   2.0000000e+00   3.1130958e+00   1.0617987e+00  -5.1491193e-01   3.9869986e-01   9.5242309e-01  -6.4981261e-01
   2.0000000e+00   5.2935769e-01  -5.8677535e-01   1.7755684e+00   1.7574624e-01   1.2045387e-01  -3.1536546e-01
   2.0000000e+00   7.2475129e-01   1.5788496e+00   1.3607820e-01  -1.9615265e-01  -1.2583726e+00  -1.3838591e+00
   2.0000000e+00  -9.5743748e-01  -1.2344864e+00  -2.0422526e-01   5.7196795e-01   4.2761031e-01   2.3768250e-01
   1.0000000e+00   1.2843042e+00   1.2106220e-01  -6.0717212e-02  -4.2836592e-01  -1.4370705e+00  -2.9176840e+00
   1.0000000e+00   1.7838491e+00   2.2211881e-02   5.0458600e-01   6.6332546e-01  -7.3087406e-01   7.6674554e-01
   2.0000000e+00   2.7389564e-01  -3.1131624e-02   1.7963253e-01  -9.8536918e-01   2.4758765e-01   4.8919876e-01
   2.0000000e+00   1.0009212e+00   1.1217720e+00   5.9264535e-01  -1.3048473e+00   5.3833855e-01  -1.1618217e-01
   2.0000000e+00   2.1483452e+00   1.6888511e+00  -3.8911518e-01  -4.6099698e-01   4.2286000e-01   4.6691257e-01
   2.0000000e+00  -5.2440506e-01   1.3425072e+00   9.3539077e-01  -2.3613884e-01   8.8186706e-01  -5.9146124e-01
   2.0000000e+00  -1.5202620e-01  -2.0004212e-01   1.5740235e+00   9.1006016e-01   1.1692254e+00  -3.3109126e-01
   2.0000000e+00   2.7734159e-01  -7.0222185e-01   2.7367607e-01   8.2571868e-01  -6.2988799e-01   1.0779723e+00
   2.0000000e+00   2.8714675e-01  -2.0976843e+00  -3.6554407e-01   3.0852495e-02  -2.3574673e-02  -5.6013698e-01
   2.0000000e+00  -6.6067623e-02   7.4861135e-01  -1.0438321e+00  -1.7308600e+00  -2.7613783e-01   5.1448135e-01
   1.0000000e+00  -8.7100737e-02   7.6684192e-01  -2.3737517e-01   3.6170291e-01   1.3406424e+00  -5.6655558e-01
   2.0000000e+00  -6.0359679e-01  -1.1789295e+00   1.0076810e+00   1.7027037e-01   1.4158041e+00  -8.1836100e-01
   2.0000000e+00  -1.6605074e+00  -2.8915131e-01   6.1225403e-02  -1.0846363e+00   3.3370134e-01   6.3667419e-01
   1.0000000e+00  -3.7858701e-01   3.3297204e-01   9.3950188e-01   5.2094109e-02   5.6949289e-01   1.1886193e+00
   2.0000000e+00  -9.0111325e-01   2.4836877e-01  -9.9962390e-01  -3.7224927e-01  -9.4144287e-01   1.0849745e+00
   2.0000000e+00  -1.2102189e+00   2.3283157e-01  -2.3522260e+00  -1.7466540e-01  -1.4165938e+00  -8.3886031e-01
   2.0000000e+00  -4.3907513e-01  -6.0430352e-01   1.4019702e+00  -9.6806044e-01   6.4961324e-01   2.1676806e+00
   2.0000000e+00   2.1632241e+00  -3.2111473e-01   9.6955470e-01   2.2729674e-01   1.0981793e+00   5.2866072e-01
   2.0000000e+00   9.9300871e-01   1.9065356e+00  -4.5619838e-01   5.8710505e-01  -6.0488513e-01   7.1805038e-01
   2.0000000e+00  -2.7624806e+00   1.9052862e+00   6.8496714e-01  -5.5182156e-01   1.2081555e+00   3.9589382e-01
   1.0000000e+00  -4.9699960e-01   2.8585911e-01   6.8567190e-01   5.3563424e-01  -1.2416181e+00  -4.5806556e-01
   2.0000000e+00  -9.5614161e-01   1.9992625e-01   2.1318306e+00  -6.8084510e-01   7.9384702e-02  -1.1090562e+00
   2.0000000e+00   2.1275830e-01  -5.6151743e-01   1.7970203e+00  -2.7724710e-01   1.9842494e+00   1.1354268e+00
   1.0000000e+00  -9.8723557e-01   7.8136067e-02   1.8471784e-01   4.2891182e+00   1.4576747e+00   3.7791538e-01
   1.0000000e+00  -3.1950399e-01   3.2619299e-01  -2.2508542e-03   2.2246802e+00   2.6672561e-01  -4.1612231e-01
   1.0000000e+00   3.0801545e-02   6.4088743e-01   1.9339548e-01  -4.0593881e-01   2.9374625e-01   1.9995662e-03
   2.0000000e+00  -1.0067056e+00   6.8819814e-01  -1.6102827e+00   7.4888539e-01  -1.6761533e+00  -1.6320244e+00
   2.0000000e+00   7.6818258e-02   9.8254848e-01   1.4311641e+00   4.5195886e-01   8.0738170e-01  -3.2511234e-01
   2.0000000e+00   1.3747122e+00  -1.2246823e+00  -8.6940823e-01  -9.9052637e-01  -1.0441902e+00  -3.1131425e-01
   2.0000000e+00  -9.2548158e-01  -3.1150967e-01   7.4806078e-01   3.1263377e-01  -4.6443847e-01  -6.1660083e-01
   2.0000000e+00   5.6752039e-01  -2.9002889e-01   9.2352411e-01   2.7088342e-01   9.0356452e-01   4.1355664e-01
   2.0000000e+00  -3.0558055e-02   1.9675024e+00   6.0767556e-01  -6.8808756e-01  -1.4484957e-02  -7.7391653e-01
   1.0000000e+00   1.5932760e+00   3.4494030e-01  -6.9478956e-01   3.6009163e-01   1.5116117e+00   7.4855897e-01
   2.0000000e+00   1.8680827e-01   8.7930402e-01  -7.0193231e-01  -8.0145200e-01  -1.4137815e+00   6.1823627e-01
   2.0000000e+00  -5.9737781e-01  -3.2910713e-01  -1.6806604e+00   2.9530730e+00   1.2598776e+00  -4.8950569e-01
   1.0000000e+00   1.6001359e+00   5.8247356e-01   6.9193028e-01   9.2208033e-01  -9.2967086e-01  -7.2169611e-01
   2.0000000e+00   6.1466342e-01   8.7658479e-01   2.8720138e-02  -3.8826986e-02   2.0412021e+00  -3.1827199e-01
   2.0000000e+00  -2.1549973e-01   1.8828408e+00  -1.8947606e-01  -3.7929144e-01   2.8645079e-01   1.1050967e+00
   2.0000000e+00   1.4082085e+00   1.1987239e+00   3.1152305e-01   1.4775986e+00  -1.4595015e-01   7.1820354e-01
   2.0000000e+00   1.7181354e+00  -8.2870038e-01  -6.6334905e-01  -8.5897815e-01   6.0874348e-01   8.3062175e-01
   2.0000000e+00  -5.1378256e-01   8.6616150e-01  -1.2448198e+00   1.6353719e+00  -1.8156190e+00  -6.8677341e-01
   2.0000000e+00  -7.9939318e-01  -8.1505988e-01   2.8942625e-01  -7.6206123e-03  -4.6584944e-01  -1.6915793e-01
   2.0000000e+00   3.7841442e-01  -8.1068482e-01  -6.4877356e-02   7.4156292e-01   9.0137455e-01  -3.5384896e+00
   2.0000000e+00  -1.1765479e+00   5.0236833e-02  -1.9816100e+00  -5.0021045e-01   1.1670746e-01   8.0154160e-01
   2.0000000e+00  -6.0613045e-01  -8.9400204e-02  -1.3824512e+00  -5.6160187e-01   1.7938396e-01   1.5573225e+00
   2.0000000e+00  -1.9752728e+00  -1.0330419e+00   4.8688698e-01   3.3469941e-02  -1.2920758e-02  -5.7889849e-01
   2.0000000e+00   2.6249117e-02  -1.0354500e+00  -2.2543747e-01  -8.8379618e-01  -1.2211844e+00  -9.7869872e-01
   2.0000000e+00   5.9190838e-01  -1.9937555e+00   2.9778692e-01   2.9080009e-02   1.3649033e-01   5.6988297e-01
   2.0000000e+00  -3.1816647e-01  -1.9613032e-01   1.4941023e-01  -2.5018705e-01  -5.8124133e-01  -1.1944018e+00
   2.0000000e+00  -1.8253694e+00   6.6181781e-01   2.1059725e+00   5.6619306e-01   8.8808424e-01  -3.6067011e-02
   2.0000000e+00  -6.7141894e-01  -4.1139762e-01   4.5227075e-01   1.6063456e+00  -1.2413088e-01   7.5834731e-01
   1.0000000e+00   9.1836048e-02   3.2733024e-02   2.0348668e-01  -1.7708292e-01   6.0628772e-01  -1.4830446e+00
   2.0000000e+00   1.8180206e+00   1.0967854e+00  -6.9136306e-01   8.7912358e-01  -1.4332768e+00   1.2416112e+00
   2.0000000e+00  -6.6608325e-01  -6.5690545e-01  -3.2759644e-01   6.6091611e-04  -9.2926632e-01  -2.1718215e-01
   2.0000000e+00   4.7379827e-01  -3.3248476e-01   1.5283937e+00  -1.1481379e+00   3.4415213e-01  -4.8293668e-02
   2.0000000e+00   1.5585578e-01  -2.0928695e+00   2.3394666e-01   3.8619850e-02  -5.5982778e-01   8.4906869e-01
   2.0000000e+00   1.0635620e+00   4.8359078e-01  -1.8563390e+00  -1.3637236e+00  -5.5460473e-01  -1.1226466e+00
   2.0000000e+00  -5.6201772e-02  -1.2481887e+00   5.3470373e-01   1.1122234e+00   9.1627366e-03  -4.4826172e-01
   2.0000000e+00  -1.4403674e+00   1.6222590e-01  -1.7412681e-01  -1.6058359e+00   2.0795299e+00   7.7505297e-01
   2.0000000e+00  -4.8852567e-01  -7.5382855e-01  -1.0385452e-01   2.6581378e-01  -2.9454441e-02   6.3397290e-01
   2.0000000e+00   1.0954996e+00  -4.9631230e-01  -5.9540976e-01  -1.8881221e-01  -6.2377104e-01   7.3919571e-01
   2.0000000e+00   1.9071257e+00   9.1984369e-01  -6.4919599e-01  -2.4006994e-01  -1.0966586e+00   2.5383026e-01
   2.0000000e+00  -1.6608339e+00  -9.3106175e-01  -5.2462992e-01   1.1020145e+00  -1.1744494e-01   1.2810436e-01
   1.0000000e+00   8.3994756e-03   5.3955798e-01   4.3488447e-01   4.3850613e-01   5.4790153e-01  -1.2826256e+00
   2.0000000e+00  -4.6734673e-01  -1.4056991e-01   2.3463305e-01   1.1918728e+00  -4.0573928e-02   1.6141302e+00
   1.0000000e+00   1.5083664e+00   3.4084388e-01  -5.7166487e-01   1.0386670e-01   7.5496017e-01  -6.2043190e-01
   2.0000000e+00   5.5136669e-01  -1.0881618e+00  -3.2389180e-01  -6.1436328e-01   5.3870632e-01  -6.3384418e-01
   2.0000000e+00  -1.1826183e+00  -2.3963314e+00  -2.3239021e+00  -1.2801446e+00   7.4421811e-01   1.9574454e+00
   2.0000000e+00   5.5581065e-01  -4.6444788e-01  -1.1479342e+00   2.7230388e-03   1.7604885e+00   1.4250704e+00
   1.0000000e+00   3.4782351e-01   4.3943896e-01  -6.6355485e-01  -1.1088973e+00   7.5098399e-01  -1.5343209e+00
   2.0000000e+00  -1.2000636e-01  -1.3592310e-02   3.7112949e-01  -2.9377424e-01  -5.6689794e-01   2.1636996e+00
   2.0000000e+00   1.4186387e+00   2.6421007e+00   7.1103234e-01  -9.0539408e-01  -2.6116659e-01   1.4433490e+00
   2.0000000e+00  -2.1542053e+00  -5.8130687e-01  -2.2644671e-01   4.3962906e-01  -2.4474593e+00  -1.2783083e+00
   2.0000000e+00   4.9187926e-01  -5.8083639e-01  -8.2742893e-01  -8.5343808e-01   3.1907370e-01  -1.2769217e-01
   1.0000000e+00  -1.6561669e+00   9.4279349e-02   1.1079229e-01   1.6868206e+00   7.9488026e-01  -6.0531503e-01
   2.0000000e+00  -4.3678328e-01   4.8630500e-01   1.1399520e+00   1.2450348e+00   1.2225408e+00   7.2470654e-01
   1.0000000e+00  -2.1281899e-01   3.3250729e-02  -2.4631000e-01  -1.0197842e-01  -3.5344410e-03  -8.2786623e-01
   2.0000000e+00   3.6352905e-01  -1.5574901e+00  -7.4830081e-02  -2.1141158e-01  -6.2156225e-01   7.4638285e-01
   1.0000000e+00  -1.6504306e-01   9.2077449e-01  -5.8148084e-02   1.5519533e-01  -5.1895703e-01   4.8591841e-01
   2.0000000e+00  -1.6519888e-01  -9.1755143e-02   1.0370869e+00   4.2434222e-01   1.8936025e+00  -8.5167137e-01
   2.0000000e+00   5.9746129e-01  -4.9608124e-01   8.5112702e-01   6.2801422e-01   2.5978102e-01   1.5447567e-01
   2.0000000e+00  -1.5426810e+00  -1.5657781e+00  -1.3350288e+00  -8.8615140e-01   8.3378173e-01  -8.5732633e-01
   1.0000000e+00   1.1583102e+00   5.4479656e-02  -7.7559434e-01   8.0091153e-01   1.0016925e+00  -1.3253495e+00
   2.0000000e+00  -1.2062951e+00   1.6367723e+00   8.9117517e-01  -3.8576270e-01  -2.6900365e-01  -1.1956417e+00
   2.0000000e+00   6.9052641e-01   1.5359239e+00   8.8921153e-01  -7.4856426e-01  -7.6522809e-01   1.5206446e+00
   2.0000000e+00   8.9718734e-01  -4.9559704e-02  -1.7722892e-01   3.3170731e-01   2.2461024e+00  -8.9492776e-01
   2.0000000e+00  -1.5079260e-01  -5.9019212e-02  -6.5379476e-01   2.1041750e-01  -4.6640220e-01   7.4444642e-01
   2.0000000e+00   8.3619809e-01   1.5822445e+00  -8.8474844e-01   1.2472125e-01  -1.3662707e+00  -9.3530936e-01
   2.0000000e+00  -8.0450426e-01  -1.2096425e+00   1.1894679e+00  -4.6550631e-01  -8.6366285e-01  -3.1864525e-01
   2.0000000e+00  -7.7316390e-01  -1.3627027e+00   1.6373101e-01   9.8673797e-01   5.0035116e-01  -7.6716590e-01
   1.0000000e+00   1.0093496e+00   2.8430927e-01   8.4951996e-02  -2.4030261e-01   7.1814813e-01   2.2161170e-01
   2.0000000e+00  -4.4835913e-01   1.4840919e+00  -1.0633964e+00  -1.1468240e+00  -9.3180356e-01  -5.5420652e-02
   2.0000000e+00   4.6777421e-01   1.0944206e+00   1.0672232e+00  -1.2789856e+00   6.4772460e-01   5.0702991e-02
   2.0000000e+00   1.6061930e+00   2.7947739e-01  -1.1372182e+00  -1.9935255e+00   2.8746682e-01   2.2701782e+00
   2.0000000e+00   1.5041738e+00  -3.1407672e-01   1.5778093e+00   3.7428638e-01   6.4988416e-01  -2.2137004e+00
   2.0000000e+00  -1.7548746e-02  -2.8788599e-01  -1.9040464e+00   6.0202122e-01   1.2292840e+00  -3.5268977e-01
   2.0000000e+00   1.7662891e+00  -1.2775633e+00   1.0965857e+00  -1.6882960e+00   8.8283366e-02  -2.6148111e-01
   2.0000000e+00   7.6400067e-02  -5.1313502e-01  -2.5184109e-01  -9.6410803e-01   1.3578687e+00  -1.1340519e+00
   2.0000000e+00   4.2059951e-01   3.4925421e-01   1.5799006e+00   8.6158138e-01   1.7051411e-01  -1.0804502e+00
   2.0000000e+00  -1.2189797e-01   1.7024357e+00   1.7545654e+00  -3.9686217e-01  -8.8627821e-01  -1.0694491e-01
   1.0000000e+00   1.4859731e-01   3.9195249e-01   5.8968564e-01  -4.4673081e-01   1.8346000e-01  -2.7473271e-01
   2.0000000e+00   7.0344418e-01  -4.9399792e-01   2.1269198e+00   1.8703255e+00  -2.8407357e+00   6.7233698e-01
   1.0000000e+00   3.8843282e-01   1.8558692e-01   8.3522723e-01   9.0243326e-01  -1.3139723e+00   1.0040772e+00
   1.0000000e+00   2.8927958e-01   8.8272502e-01  -1.5071456e-01  -2.4860654e-01   1.9253330e-01   3.1280127e-01
   2.0000000e+00  -9.3348583e-01  -5.1059820e-01   1.2544047e+00  -5.4419138e-01   8.6968323e-02  -9.3025752e-01
   1.0000000e+00  -1.6115535e+00   3.0660764e-01  -7.8967295e-01  -1.3786848e+00   1.3048658e+00   4.9910224e-01
   1.0000000e+00  -7.8714978e-01   1.6872661e-02  -3.6192745e-01  -4.4407073e-01  -1.3125536e+00  -1.5379370e+00
   2.0000000e+00   6.7844422e-01  -3.6880501e-01   9.0724199e-01   3.2121275e-02   5.4397881e-01  -6.0524791e-01
   2.0000000e+00  -6.9141856e-01  -1.0395130e+00   9.1535314e-01   3.5476530e-01   1.1312887e+00   9.3283423e-01
   2.0000000e+00  -4.3405450e-01   8.6193108e-01  -1.1646364e+00  -5.8329639e-01  -1.2355663e+00   7.7084207e-02
   2.0000000e+00  -8.0646098e-01  -5.4475474e-01   3.5311820e-01   1.7449171e+00   1.2852917e+00  -2.0515161e+00
   2.0000000e+00  -3.5238767e-01  -4.5255034e-01  -1.9495111e+00  -7.4399304e-01  -7.2990354e-01  -4.4359600e-01
   2.0000000e+00  -1.6595313e+00  -2.5533598e-01   5.6789285e-01   1.4005886e-02   1.8882746e-02  -3.8324606e-02
   2.0000000e+00   6.4708939e-01  -9.6351080e-01  -1.6510811e+00  -6.0251707e-01  -1.2367279e-01   2.5967295e-01
   1.0000000e+00   1.0641974e+00   5.4231301e-01  -4.2800297e-01   7.7520766e-01   7.3168122e-01   4.1534907e-02
   2.0000000e+00  -2.5072032e+00  -1.6324452e+00   1.0460019e+00   4.8307030e-01  -2.5064633e-01   8.5265627e-01
   2.0000000e+00   2.0249199e+00  -7.2774170e-03   5.7813230e-02  -1.9185886e+00   9.5787162e-02   1.0646417e-01
   1.0000000e+00  -9.1313822e-01   6.0942256e-01   3.7466340e-02   1.4538863e+00  -1.6433353e+00   5.4207979e-01
   2.0000000e+00   1.1162644e+00   1.2479621e-01   1.1393179e+00   8.7235928e-01  -4.7838592e-01   2.4381033e+00
   2.0000000e+00  -2.0430271e+00   8.5976347e-01  -1.0137386e+00   5.2655113e-01   6.5406676e-01   1.1268111e+00
   1.0000000e+00   1.8198181e+00   3.7326218e-01  -3.0767111e-01  -1.6166829e+00   2.1331529e-02  -4.9545146e-01
   2.0000000e+00  -1.6306111e+00   9.1675615e-01   1.3163677e+00   7.5497579e-01   1.0712840e+00  -3.3345814e-01
   2.0000000e+00   2.7178507e-01  -1.5754717e-01  -1.1728595e-02  -1.1888054e+00   4.4356591e-01  -4.8218509e-01
   2.0000000e+00   1.1050686e+00   1.0237170e+00  -1.5455389e+00  -1.5267025e+00   2.1175569e-01   1.1994802e-01
   1.0000000e+00  -6.1216620e-01   2.1478188e-01  -2.7049972e-01  -1.7835384e-01  -5.3596801e-01   9.3918064e-01
   2.0000000e+00   1.1440210e+00  -2.6702397e-01   1.5070732e+00  -7.4292930e-01  -2.3390972e-01   1.3806872e+00
   1.0000000e+00   1.4182162e+00   4.3618147e-01  -5.2063456e-01   1.1913739e+00  -2.2360592e-01  -8.0109418e-01
   2.0000000e+00   6.0209235e-01   6.7647835e-01   1.4129644e+00   1.0153594e+00   1.6669791e+00  -5.5300890e-01
   2.0000000e+00   6.1428888e-01  -2.1283586e-01   1.3071486e+00  -1.1949479e-01  -2.2596377e+00  -7.6594765e-01
   2.0000000e+00   3.4405820e-01   3.0715110e-01  -1.4815849e+00   1.7369572e+00   8.1830269e-01   1.5281910e+00
   2.0000000e+00   7.0328247e-01  -1.3138340e+00   1.6052438e+00   7.4382731e-01  -1.1173244e+00   1.4007163e+00
   1.0000000e+00   8.8110137e-01   7.9325080e-01  -2.9635922e-01   1.1297268e-01   8.8438545e-01   2.5036257e-01
   2.0000000e+00   2.5313525e+00  -9.5247050e-01   1.6741875e-01  -6.7136972e-01   9.0452811e-01  -2.7126442e-01
   1.0000000e+00  -2.0337479e-01   2.5640691e-01  -5.8793520e-01   1.0237989e-01  -7.6581887e-01  -9.8009608e-01
   2.0000000e+00   8.0667291e-01   1.5291981e+00  -6.3118309e-01  -1.7107471e+00   3.1735689e+00  -2.1164192e+00
   2.0000000e+00   6.8737386e-01   2.0895211e+00   6.1950369e-01   9.2909907e-01  -4.5919800e-01   3.5168030e-01
   1.0000000e+00  -3.4543545e-01   4.2077786e-01  -1.5519302e-01   1.0015163e+00   3.0269770e-01   8.5215859e-01
   2.0000000e+00  -1.5148338e+00   8.2974963e-01  -1.7952089e+00  -1.2291545e-01   7.6414024e-01   9.3740525e-01
   2.0000000e+00   7.6102259e-01  -1.9990457e-03   7.7534518e-02   6.0883501e-02  -6.6372511e-01   9.0727709e-02
   2.0000000e+00   1.1613788e-01  -1.5445887e+00  -3.7953664e-01  -6.8238510e-01   1.8116987e+00   3.3931003e-01
   2.0000000e+00  -6.8031969e-01   6.9339000e-01   1.1108956e+00  -1.5648667e+00   1.1136077e+00   1.2078010e+00
   2.0000000e+00  -1.6294204e+00   9.2878773e-01   2.7578312e+00   7.6545760e-01   2.2488989e+00  -5.5083931e-01
   2.0000000e+00   5.6004266e-01  -7.5184631e-01   5.9149818e-01   8.2824856e-01  -2.8695303e-01   9.9809507e-01
   2.0000000e+00  -2.1059211e+00  -3.5658683e-01   4.8270903e-01   4.8803691e-01  -7.4226947e-01   5.3607281e-01
   2.0000000e+00   1.2136561e+00  -6.4962604e-01   8.8401474e-03  -1.2953951e+00   5.2484076e-01  -6.8541735e-01
   1.0000000e+00  -1.9763964e+00   3.2637438e-01   8.3453131e-01   4.5540574e-01   1.3793831e+00  -9.8297351e-01
   2.0000000e+00  -8.3486668e-01  -8.1740459e-01  -3.7989902e-01   2.3225113e-01   1.0424636e+00  -1.5166605e+00
   2.0000000e+00  -6.4200793e-01   1.6448706e+00   2.3784697e-01  -1.7384463e+00   3.0318769e-01   1.3588858e-01
   2.0000000e+00   1.4765239e+00   1.4841733e+00  -2.6701751e+00   1.7625398e+00   2.4779541e-03  -1.4523530e-01
   1.0000000e+00  -2.4069134e+00   3.8385753e-01   3.6717484e-01   2.6260924e+00  -4.2888124e-01  -7.5007336e-01
   2.0000000e+00  -1.7134495e+00  -1.9642875e-01  -3.3846544e-01   7.4207505e-01  -1.6575467e-02   1.1935368e+00
   2.0000000e+00   1.4520910e+00   8.0009633e-01  -1.1858544e+00   3.4572931e-01   7.2022010e-01   1.1090548e-01
   2.0000000e+00  -1.2055868e+00  -8.6581861e-01  -6.6604224e-01   4.8006569e-02   7.7667522e-02   6.2108371e-01
   2.0000000e+00  -7.1366452e-01  -6.2513399e-01   3.4030658e-01  -1.1267145e+00   4.9024519e-01  -4.5035602e-01
   2.0000000e+00  -9.9240920e-01   1.9047079e+00  -2.4062732e+00   8.2181718e-01  -8.2198814e-01   1.2969662e+00
   2.0000000e+00   8.9217017e-01  -6.4353636e-02  -2.1239891e+00  -1.2365088e+00  -1.6030227e+00   2.4916992e+00
   2.0000000e+00  -1.0264701e+00  -4.3258327e-01   1.5673457e+00  -7.3251774e-02  -3.8669651e-01  -5.8732987e-01
   1.0000000e+00  -1.6503144e-01   8.9408270e-02  -5.2252428e-01  -1.0306578e+00   1.3497092e+00  -1.3796458e-01
   2.0000000e+00   3.4359240e-01   1.2805359e+00  -5.1893646e-01  -1.2129293e+00   1.0774804e+00   7.6348098e-01
   2.0000000e+00  -8.5190459e-02   1.4521963e-01  -1.8904635e+00   3.7498379e-01   1.2701932e-01   6.0253155e-01
   2.0000000e+00   6.3822856e-01  -5.2857647e-01   3.8128688e-01  -4.0880593e-01   3.9946335e-01  -2.4706440e+00
   2.0000000e+00   5.0981359e-01   6.9860442e-01   1.8500610e+00  -3.4822030e-01   7.7261180e-01  -8.5039682e-01
   2.0000000e+00   6.2531896e-02  -6.1691194e-01  -1.7225858e+00  -7.5638014e-01  -1.4048336e-01   9.5234370e-02
   2.0000000e+00  -1.0377973e+00   1.1805170e+00   7.2684312e-01   1.8931530e+00  -5.8360599e-01   8.9639481e-02
   2.0000000e+00   1.0861561e+00   1.8878040e+00   5.3830931e-01   9.2633373e-01  -7.4626687e-02  -1.1921575e+00
   2.0000000e+00   1.5411940e-01   1.1032669e+00  -1.1418561e+00  -6.2545579e-01   1.3045406e+00  -3.0152183e-01
   1.0000000e+00   1.8253691e+00   8.0535600e-01  -4.2380002e-02   1.9050197e+00   6.8921870e-01   2.3721296e-01
   2.0000000e+00   1.9920812e-01  -1.6710746e+00   5.3081131e-01  -2.2773339e-01   7.5452678e-01  -1.9950507e+00
   2.0000000e+00   7.0338853e-01   4.5582359e-01   2.1470303e+00  -7.5031453e-01  -5.5086964e-01  -3.0213771e-02
   2.0000000e+00   1.3105441e+00   7.8287088e-01  -7.3157103e-01  -2.3220888e-01   1.2671664e+00  -1.8201719e+00
   2.0000000e+00  -1.2697136e+00   8.1749139e-01  -6.7573725e-01   1.0689859e+00  -8.0449364e-01  -2.2798333e+00
   2.0000000e+00   1.2291898e+00   1.7376638e+00   1.3917472e+00   7.2479754e-02  -9.3987982e-01  -1.4582718e+00
   1.0000000e+00  -1.0743040e+00   6.0259339e-01  -5.8432005e-01   3.4462701e-01  -2.0618717e-01   2.8191520e-01
   2.0000000e+00   2.2267779e+00  -7.7479087e-01  -1.4398936e+00   1.4483078e+00  -1.5263865e+00   4.2794657e-01
   2.0000000e+00  -1.0187107e+00  -5.6161128e-01   7.3239166e-01  -4.7120881e-01  -2.4488299e-01   2.3779046e-01
   2.0000000e+00  -9.0811066e-01  -1.2486720e+00  -7.7892950e-02  -6.3361790e-01  -2.7555593e-01  -3.1103501e+00
   2.0000000e+00  -5.5337628e-01  -1.8842580e+00   7.7588660e-02   1.7747285e+00  -1.9574084e+00   1.8594918e-01
   2.0000000e+00  -9.8705129e-01  -1.3642992e+00   2.2872858e+00   1.3223747e+00  -4.5094284e-01   2.1267299e-01
   2.0000000e+00  -4.8171976e-01  -4.5330934e-02  -7.4753864e-01  -9.4469444e-01   1.1592077e+00   1.3797035e-01
   2.0000000e+00  -4.3154049e-02  -1.5865870e-01   4.0803254e-01   7.8077653e-01  -8.5424790e-01   1.1341921e+00
   2.0000000e+00  -9.4092100e-01  -7.2797541e-02  -1.9260505e+00   6.9403551e-01   1.5766578e+00   4.6759995e-01
   2.0000000e+00   1.5038099e+00   4.1216598e-01   1.0195330e+00   1.2430729e+00  -9.4767115e-01   2.0602980e+00
   2.0000000e+00  -1.9158443e+00  -3.4600366e-01   1.4097011e+00  -2.3747385e-01  -3.2961592e-01   6.4579385e-01
   2.0000000e+00   2.3868939e-01  -8.1674178e-01   4.5111103e-02  -1.6783534e-01  -2.6641004e-01  -8.2416431e-01
   1.0000000e+00   7.8546801e-01   1.4242354e-01  -4.1469531e-01   2.8433283e+00   3.4482243e-01   1.0458399e+00
   2.0000000e+00  -2.1474377e+00   1.5307907e+00   7.2144228e-01   1.4698049e+00  -8.9557379e-01   1.3465805e+00
   1.0000000e+00   2.7285106e-01   5.5920806e-01  -2.0455229e-01  -9.9328254e-03  -2.9981390e-01  -4.8883934e-01
   2.0000000e+00  -9.2835864e-01   1.5183300e+00   7.7880627e-01  -2.9059112e-01  -1.8557989e-01   1.3038488e+00
   2.0000000e+00   4.9088252e-01  -5.4652046e-01  -1.1496587e+00  -4.3968112e-01   9.1724544e-01   1.4751368e+00
   2.0000000e+00  -1.0118154e-01  -9.3652043e-01  -1.2600708e+00  -2.7344669e-02  -1.7726906e+00  -6.6324034e-01
   2.0000000e+00   4.0616136e-01   6.5925629e-01  -1.6627920e+00  -1.2272170e+00   8.0617030e-01   1.4706857e+00
   2.0000000e+00  -3.2179925e-01  -3.9565368e-01   8.2419808e-02  -1.3769626e+00  -2.1692303e-01   3.0229899e-02
   2.0000000e+00  -6.9908210e-01  -2.8224604e-01  -5.5104078e-02   6.3523088e-01   9.0486372e-01  -2.4691450e-01
   2.0000000e+00   2.1505749e+00  -6.6646429e-01   1.7169335e-01  -1.4237860e+00  -2.9981459e-01  -1.3917899e+00
   2.0000000e+00   5.1398456e-01  -4.5869061e-01   5.0835018e-01  -1.2276100e+00  -4.7288996e-01  -7.4033115e-01
   2.0000000e+00  -2.7748412e+00   9.6033470e-01   6.1489957e-01   7.0088132e-01  -1.8137976e+00  -1.7867160e+00
   2.0000000e+00  -3.0026922e-01   4.8900294e-01  -4.9932899e-01  -6.6811986e-01   2.4059683e+00  -2.1027298e-01
   1.0000000e+00  -8.7409162e-02   2.8902421e-01   2.5114833e-01   8.5117196e-01  -7.3823009e-01   1.8859611e+00
   2.0000000e+00  -1.4140780e+00   1.0230945e+00   7.0721081e-02   3.4490166e-01   1.8493351e+00   1.2568185e-01
   2.0000000e+00  -1.5463662e-02  -7.0669535e-01  -2.2084231e-01  -1.9275546e+00   5.7681615e-02  -5.3756408e-01
   2.0000000e+00  -6.7759254e-01   1.2616397e+00   8.3047172e-01   7.3257529e-01  -1.3173273e-01   3.6110403e-01
   1.0000000e+00   1.3223231e+00   6.6109606e-01   6.0462736e-01   8.7823874e-01   7.8678956e-01   4.3894460e-01
   2.0000000e+00   2.3339146e-01  -5.8818603e-01   1.1782205e-01   1.2361754e+00  -1.8052368e-01   1.5878170e-01
   2.0000000e+00   1.9648977e-01   1.0830034e+00  -3.1299798e+00   1.6791310e+00  -3.3308061e-01   4.2275938e-02
   2.0000000e+00  -1.8173779e-01  -1.2067161e+00  -8.2761623e-01  -4.8434934e-01  -7.3575019e-01  -1.1057300e+00
   1.0000000e+00  -4.3675093e-01   5.0199941e-01  -5.6553181e-01  -1.1069796e-01   1.4076150e+00  -6.2093827e-01
   2.0000000e+00  -1.4601218e-01  -4.6914000e-01   1.1357294e+00  -7.8363198e-01  -3.5243391e-01   1.2658435e+00
   2.0000000e+00  -1.9499603e+00   4.4647058e-01   2.9531862e-01  -9.8887976e-01  -2.3761953e+00  -8.9669459e-03
   1.0000000e+00  -3.3840809e-01   2.8975366e-01   6.0575578e-01   2.0618473e-01   5.4582708e-01   3.7629269e-01
   2.0000000e+00   8.0800369e-01  -3.8004062e-01  -2.7564963e-01  -1.0656763e+00  -6.9506351e-02   1.2248787e-02
   2.0000000e+00  -1.2679217e+00   1.0202643e+00   1.7118667e+00  -2.8030160e-01  -9.8034807e-01  -4.6897069e-01
   2.0000000e+00   1.2576494e+00   7.5840983e-01   1.3123784e+00  -5.2061905e-01   4.7018488e-01   3.9789582e-01
   2.0000000e+00   4.9943165e-01  -5.5922454e-01  -3.4229363e-01   7.1146326e-03  -1.9704225e-01  -8.2298246e-01
   2.0000000e+00  -2.7027767e-01   1.2448628e+00   7.3460176e-01   7.7611135e-01  -1.7061469e+00  -1.2791330e+00
   2.0000000e+00   2.1711187e-01  -1.3886451e+00  -1.1333518e-01  -2.8703563e+00  -2.8294606e-01   6.8890142e-01
   2.0000000e+00   3.0028522e-01   1.3000654e+00  -1.2564782e+00   6.6230681e-01  -3.2959132e-01  -2.7725060e-01
   2.0000000e+00   1.3523252e+00   8.1127349e-01  -8.1125880e-01   7.7400220e-01  -3.1298860e-01  -5.3441119e-01
   2.0000000e+00  -1.1097198e+00   1.4077565e+00  -6.9820854e-01  -4.5116799e-01  -9.2511256e-01   1.1070098e+00
   2.0000000e+00  -5.3851394e-01  -1.8147282e-01   4.8131249e-01   1.5477885e+00   7.1807224e-01   1.1830935e+00
   1.0000000e+00  -6.5189864e-02   9.1667780e-02  -3.2177627e-01  -1.5696549e+00   2.5120775e-01  -5.6795807e-01
   2.0000000e+00  -6.9120916e-01  -4.5943854e-01  -2.2832239e+00  -3.1967919e-01  -5.5396764e-01  -5.3257953e-02
   1.0000000e+00   3.3223547e-01   3.2826994e-01   1.5202866e-01  -6.3103988e-01   8.1834012e-01  -1.0936892e+00
   2.0000000e+00   1.1911487e-01   1.9286511e+00   1.6115534e-01   8.6918286e-01  -4.9806232e-01  -1.2878004e+00
   2.0000000e+00   2.3347827e+00  -1.5298114e+00   1.8837946e-01  -5.9675145e-01  -6.3672650e-01  -3.7776244e-01
   1.0000000e+00  -3.5445971e-02   8.9868221e-02  -6.2185550e-02  -2.0880484e+00   3.1235707e-01  -1.2139132e+00
   2.0000000e+00  -9.6196947e-02  -2.2177611e-01   1.5729433e+00  -7.2153862e-01  -2.2213694e+00   1.1126885e+00
   2.0000000e+00   2.8393449e-01  -1.9485314e-01  -9.2171728e-01   1.0691175e+00  -8.3867459e-01  -3.0330497e+00
   2.0000000e+00   7.4254408e-01  -1.3787739e-01  -7.2660372e-01   8.7581685e-01  -1.3011956e+00   9.5251974e-01
   2.0000000e+00   1.1907062e+00   9.4900176e-01  -8.1438928e-01   8.9214102e-01  -1.7362531e-01   1.1692218e-01
   2.0000000e+00  -8.2151146e-01  -9.7203604e-01   4.4488396e-01  -8.9336976e-01   4.6448688e-01   8.6516830e-01
   1.0000000e+00   8.1854639e-01   2.2813418e-01  -6.5599110e-01   3.9620586e-01  -4.4546775e-01   1.1228230e+00
   2.0000000e+00   2.9026268e-01  -3.0020316e-01   1.1141064e+00  -8.5052478e-01  -1.5937957e+00   2.2118722e+00
   2.0000000e+00  -8.4462967e-01  -3.8193154e-01   1.0124120e+00   2.1428230e-01   1.2975068e-01   1.8926639e-01
   1.0000000e+00   1.0458733e+00   2.0197133e-01  -1.2113860e-02   2.6757181e+00   1.5204565e-01  -1.4862989e+00
   2.0000000e+00   4.8676074e-01  -2.1284206e-01   1.2953498e+00  -6.4003604e-01  -8.4488990e-01   2.8328082e-02
   2.0000000e+00   2.0291706e+00  -1.6014456e+00   1.1888767e+00   1.5764205e+00  -1.4103872e+00   8.1441835e-02
   1.0000000e+00   1.0610498e+00   3.7566086e-01   2.7640944e-01   9.7157238e-01   1.1454734e+00   8.9239162e-02
   2.0000000e+00  -6.9702851e-01  -2.7082396e+00   3.3484856e-01  -8.6366339e-01  -6.4143926e-01  -2.2660525e-01
   2.0000000e+00   5.9825648e-01  -9.4219984e-01   1.6188121e+00  -1.5361839e+00   5.9676933e-02   3.7123037e-01
   2.0000000e+00  -1.1008713e-01  -7.2529076e-02   2.5460230e+00   1.2216734e+00  -2.8873904e-01  -8.6213796e-01
   2.0000000e+00  -9.1193689e-01  -1.2211678e+00   4.2238649e-01  -7.2273099e-01   1.1830015e-01   4.4250662e-02
   2.0000000e+00   8.6100987e-01  -4.2753165e-01  -8.8360585e-01   4.5415182e-01   3.8781948e-01  -3.7037032e-01
   2.0000000e+00   1.3485517e-01   2.3034039e-01  -1.6790583e+00   7.3869042e-01  -4.8640375e-01   5.1592549e-03
   2.0000000e+00   1.5961714e+00  -3.5237884e-01  -2.7862773e-01   3.3806573e-02  -1.0972770e+00  -1.2405077e+00
   2.0000000e+00  -1.0223162e+00  -8.1049450e-01  -4.6978946e-01  -9.7874786e-02   3.8743460e-01  -2.2862527e-01
   1.0000000e+00  -9.4020338e-01   5.8651690e-02   2.5165418e-01   1.8836111e-01   1.8713976e+00  -8.1463292e-01
   2.0000000e+00   3.7721554e-01  -3.8964135e-01  -4.4870749e-01  -3.9463323e-01  -3.3873466e-01  -1.2577888e+00
   1.0000000e+00  -1.2477591e-01   5.3177103e-01  -8.2142516e-01   4.3413566e-01  -4.8096674e-01  -1.6972235e+00
   2.0000000e+00  -9.9369936e-01  -5.8001729e-01   1.2852260e-03   1.8782644e+00   6.2405445e-01  -3.3760454e-01
   2.0000000e+00   1.3509381e+00  -1.7518928e-01  -1.3118354e-01   1.5562280e+00   4.1846278e-01  -1.2779034e+00
   2.0000000e+00   1.7094550e-01  -1.7482480e-01  -9.7886329e-01   7.5235667e-01  -1.9701059e+00   1.0640251e+00
   2.0000000e+00   2.1533519e-01  -6.0059223e-01   9.3051801e-01   1.6974131e-01   1.9717895e-01  -1.5709136e+00
   1.0000000e+00  -1.3835173e+00   7.3556949e-02   8.7588255e-02   3.1091660e-01  -5.5089836e-01   1.0248417e+00
   2.0000000e+00  -4.5641649e-01  -2.0882736e+00  -3.8671982e-01   5.0026007e-01  -2.6049193e-01   3.2207063e-01
   1.0000000e+00   2.3290559e-01   2.9043548e-01  -8.0393420e-01  -4.1900363e-01  -6.8048901e-01  -9.4188800e-02
   2.0000000e+00   2.2809694e+00   1.3434908e+00  -2.7287713e-01   2.0802057e-01   2.6936436e-01  -2.3360692e-01
   1.0000000e+00  -1.3219270e+00   8.1342720e-01  -8.1808326e-02  -1.0970328e+00  -1.5489124e+00   2.8498975e+00
   2.0000000e+00  -8.6404203e-01   1.1558636e+00  -2.0829309e-01  -4.5504592e-01   3.0655049e-01  -5.0200656e-01
   2.0000000e+00  -1.2798373e-01  -1.4396144e-01  -7.9112270e-01  -3.6299239e-01   9.8470625e-02  -8.3710047e-02
   2.0000000e+00  -9.8576131e-02  -1.6724941e+00   5.7089468e-01   1.1947316e+00   5.8829886e-01   1.1762288e+00
   2.0000000e+00   1.4216624e-01  -6.5027962e-02  -6.6184448e-01  -7.5609425e-01  -2.8836612e-01  -1.1533315e+00
   2.0000000e+00  -1.6249205e+00   7.9440572e-01  -6.7957100e-01  -9.0847616e-01   1.2171237e+00  -1.2798076e-01
   2.0000000e+00   2.0009039e+00  -7.1554987e-01   1.6086847e-01   9.8748174e-01  -4.8390216e-01  -6.3607542e-01
   2.0000000e+00  -1.0108361e+00   2.6578177e+00   2.5490547e-01  -2.3932087e-01  -1.3675235e+00   1.4657768e+00
   2.0000000e+00   1.4905083e+00   2.2872144e-01   1.5393157e+00   8.3357823e-01   7.1840374e-01  -1.3069398e+00
   2.0000000e+00  -7.9714542e-02  -1.4443052e+00  -5.8615874e-02   1.4876395e-01  -4.1373293e-01   1.0897541e-01
   2.0000000e+00   2.1451028e+00  -6.4390883e-01  -9.8584672e-02   2.2526458e-01  -2.5805347e+00   4.2660819e-02
   2.0000000e+00  -1.7546271e+00  -1.1891487e+00   1.3236399e-03   9.2811440e-01   1.3455126e+00   2.4882320e-01
   2.0000000e+00  -8.5599464e-01   8.4999964e-01   1.3358702e+00  -3.9890785e-01  -4.8419219e-01  -2.7517995e-03
   2.0000000e+00  -1.0733091e+00  -6.3530605e-01  -5.4848709e-01   1.1514725e+00  -1.2992096e+00   2.2150470e-01
   2.0000000e+00  -2.5619751e-01   3.0869159e-01   9.6018914e-01  -4.9639093e-01   1.2120122e+00  -1.0597183e+00
   2.0000000e+00  -5.7488883e-02  -1.8550060e+00   9.7838466e-01   6.5131214e-01  -1.1539995e+00  -2.7076199e-01
   2.0000000e+00   1.3127196e+00  -4.8269919e-01  -2.2003750e+00   1.3600503e+00  -5.9269441e-01  -1.7763372e+00
   2.0000000e+00   1.8931405e-01  -5.0015092e-01  -6.2907994e-01   1.1662230e+00   1.5208403e+00  -3.7477246e-01
   2.0000000e+00  -5.8164100e-02  -1.5652301e+00   1.0012431e+00  -3.7191763e-04  -2.5703282e-01   5.3412684e-01
   2.0000000e+00   5.0302088e-02   3.7713243e-01   2.1019263e+00  -5.7389765e-01   1.4346496e-01   9.6622893e-02
   2.0000000e+00  -1.7423354e+00   1.1901635e+00  -2.6094705e-01   1.3897121e-01  -3.8448025e-01  -9.4911974e-01
   2.0000000e+00  -1.0672232e-01   1.8061457e+00   9.0866297e-01   4.6318121e-01  -1.7080003e+00   8.0736665e-01
   2.0000000e+00   1.7008383e+00   3.7267662e-01   1.2446334e+00   1.5022015e-01  -1.0005859e+00  -1.0772561e+00
   2.0000000e+00   5.1729934e-01   1.4660651e+00   8.8591999e-01   1.0652575e+00   1.7332842e+00  -1.7202030e+00
   2.0000000e+00   2.9655866e+00  -9.7670218e-01   3.6021230e-02   1.2594847e+00  -1.8857420e-01   9.6157319e-01
   2.0000000e+00   8.1070455e-01  -1.7323829e+00   4.8519714e-01  -1.4006801e+00   2.7202707e-01  -1.2129562e+00
   2.0000000e+00  -9.2011375e-01  -7.1026798e-02  -1.8493569e-01   3.2704060e-01   8.1282207e-01  -6.0772067e-01
   2.0000000e+00  -1.0128945e+00  -4.2392957e-01  -1.2956840e+00  -1.4939748e+00  -1.3418690e+00   6.9703736e-01
   2.0000000e+00   2.0915208e+00   3.4576818e-01  -1.2337404e+00   1.1665236e+00  -1.3731229e-01  -1.7082422e+00
   2.0000000e+00   1.2213275e+00   1.1093503e+00  -1.0190164e+00  -1.1710437e+00  -9.5374867e-02  -4.9477103e-01
   2.0000000e+00  -1.5127011e+00   4.2223543e-01   2.3229123e+00   8.8939226e-01   2.8932053e-01  -6.1013626e-01
   2.0000000e+00  -2.6086211e+00  -3.1542976e+00  -7.7696635e-02   1.9993712e+00   5.7918795e-01  -4.7394418e-01
   2.0000000e+00  -1.0792003e+00   1.1798062e-01   1.0578545e+00   8.8535980e-01  -4.5684533e-01  -2.2260367e-01
   1.0000000e+00   1.4960445e+00   6.2439355e-01   5.7457751e-01  -8.0688846e-01  -4.6463557e-01  -4.2486176e+00
   1.0000000e+00  -2.3750938e-01   5.7656864e-02  -1.2607409e-01   2.0163219e+00  -1.4454544e+00  -8.2158952e-01
   2.0000000e+00  -5.0541406e-01   1.9404236e+00  -1.1191789e-01   1.0747952e+00  -8.2725802e-01   4.8076188e-01
   1.0000000e+00   3.4028182e-01   1.1921843e-01   6.3360204e-01   2.6961457e-02   1.5564834e+00   9.5721001e-01
   2.0000000e+00  -1.0927750e+00   1.8494782e+00   1.1963430e-01  -5.6790830e-01   4.8720967e-01   1.8869682e+00
   1.0000000e+00   1.4049794e+00   7.5256324e-01  -2.7229206e-01  -5.6092963e-01   6.1583711e-01  -1.4428333e+00
   2.0000000e+00  -2.6877621e-01   8.2492081e-01  -6.7583963e-01   2.8701998e-01  -1.5466514e+00  -1.4352583e+00
   1.0000000e+00   1.8689992e-01   1.5571515e-01  -8.7958362e-01   1.6265131e+00  -8.2881868e-01  -1.3013947e+00
   2.0000000e+00  -7.7301116e-01   1.3417718e+00   1.3259390e+00   5.1408718e-01  -1.3567284e+00  -5.6137370e-01
   2.0000000e+00   5.6903184e-01  -1.2661175e-01   4.1325115e-01  -5.2558584e-01   8.6105178e-01   1.2515290e+00
   2.0000000e+00   1.1594499e+00  -6.9050764e-01   1.4721817e-01  -4.5975351e-01  -4.4710756e-01   3.4140432e-01
   2.0000000e+00  -9.6291312e-02  -8.3090054e-01   1.7040095e+00   2.3955904e+00  -3.7166368e-02   4.2417433e-01
   2.0000000e+00  -1.6077230e+00   5.4478521e-01  -1.0115561e+00  -1.2094279e+00  -1.9223947e-02   2.0164548e-02
   1.0000000e+00  -1.0321572e+00   4.9001173e-01   5.8621619e-01  -6.9059604e-01  -1.2028226e+00   1.3797503e-02
   2.0000000e+00   2.7549354e-01  -1.0265364e+00   7.2552783e-01   1.0912518e+00   4.9123881e-01  -8.7395631e-01
   2.0000000e+00  -3.1394031e-01   6.1609535e-01  -1.2023424e+00  -1.6574925e-01  -2.2457961e-02   3.3927181e-01
   2.0000000e+00   1.3013997e+00   1.3531695e+00   7.3261734e-01   1.2313967e+00   3.2244257e-01  -1.3450960e+00
   2.0000000e+00  -1.2821950e+00   1.2660460e+00   1.1600405e+00  -1.0080657e+00   1.1235140e+00   9.4981812e-01
   2.0000000e+00   7.6569305e-01  -3.6700313e-01  -7.0266953e-01  -9.8853068e-01  -3.5595936e-01  -1.0931704e+00
   2.0000000e+00   2.7611831e-01  -9.3065462e-01   1.2914496e-01  -1.3880761e+00   1.4094827e+00  -1.3125891e+00
   2.0000000e+00   9.2131476e-01  -1.1488796e+00  -6.1534802e-01  -1.7307216e+00  -2.4490161e+00  -1.4323771e+00
   2.0000000e+00  -1.6399442e+00   8.4793394e-01  -6.9280909e-01   7.4643220e-02   4.0233751e-01  -1.1617818e+00
   2.0000000e+00  -8.8534020e-01  -9.3337701e-02   5.7138292e-02  -8.0529799e-01  -1.8301771e+00  -5.7210457e-01
   2.0000000e+00   9.6786170e-01  -6.2652160e-02   4.1497074e-01   2.2457649e+00  -1.1200488e+00  -3.3558976e-01
   2.0000000e+00  -8.4255184e-01  -8.6999371e-01  -5.8221601e-02  -2.0966326e+00  -2.1240503e+00  -9.6448136e-01
   2.0000000e+00   1.3452573e+00   4.1275042e-01   2.2168694e+00   6.1823911e-01   3.1706916e-01  -1.8521158e+00
   1.0000000e+00   9.1812381e-02   4.0635046e-02  -2.7815279e-01   4.0542541e-01  -1.1209544e+00  -1.3020334e+00
   2.0000000e+00   9.5104999e-01   3.3459858e-01   1.5771333e+00   7.7416329e-01  -2.5836226e-01  -1.5147990e+00
   2.0000000e+00   1.6596111e+00  -5.7782496e-02  -1.5533736e+00  -1.3113761e-01  -7.8685659e-02   8.1438028e-01
   2.0000000e+00   4.3987813e-01  -2.9404076e-01   1.2501410e+00   9.1406861e-02  -1.4803555e+00  -1.1152579e+00
   2.0000000e+00  -9.9359656e-01   1.1079894e+00  -8.6747879e-01  -3.2083955e-01  -5.9033847e-01   1.2409217e+00
   2.0000000e+00  -9.7868730e-01  -1.9115414e-01  -4.7713619e-01  -5.5417252e-01   2.0379675e+00  -1.7768889e-01
   1.0000000e+00   1.0967049e+00   1.1784543e-01   4.3855068e-01   3.4954627e-01  -1.3484654e+00  -2.7047161e-01
   2.0000000e+00   4.7782131e-01  -7.7293684e-01   7.7822290e-01  -6.7539733e-01   7.5120531e-01   6.3247102e-01
   2.0000000e+00  -6.5289159e-01   1.2460466e+00   4.2282686e-01  -2.6599479e-01  -6.5310149e-01  -5.9159913e-01
   2.0000000e+00   2.2447508e-01   7.1798478e-01   8.9368326e-01   3.3586964e-01   9.2613468e-01  -2.8394129e-01
   2.0000000e+00  -1.2437534e+00  -1.0518017e+00   1.6430636e-02   8.1406229e-01   5.9286030e-01   1.2261364e+00
   1.0000000e+00   6.9190547e-01   4.6580978e-02  -2.9394317e-01  -1.3994268e-01   9.2826669e-01  -8.0305849e-01
   2.0000000e+00  -1.4750602e+00  -1.5612897e+00   1.2330300e-01  -7.2055044e-01   5.5661909e-01   1.0700012e+00
   2.0000000e+00  -1.5196088e+00  -2.9753262e-01  -8.1833968e-01   4.3579426e-01  -1.5470674e+00   1.2021991e+00
   2.0000000e+00   2.4260593e+00  -6.9863200e-01   5.5572976e-01  -1.3898791e-01  -4.7127113e-01  -1.3100214e+00
   2.0000000e+00   1.1259068e+00  -6.0199909e-01  -3.9717556e-01  -5.2853076e-01  -1.0497062e-01   1.8016064e+00
   2.0000000e+00   2.1153548e+00  -1.7081226e+00  -1.2022015e+00  -9.2081095e-01   2.3120871e-01   1.1613460e+00
   2.0000000e+00  -1.0605658e-01  -4.8935932e-01   2.5160147e-01  -1.2414167e+00  -4.3440920e-01   7.6379364e-01
   2.0000000e+00  -3.0453648e-02  -8.3941637e-01  -4.1322966e-01  -8.0122972e-01  -6.8201796e-01  -2.2778209e-01
   2.0000000e+00   1.3374017e+00  -1.1975730e+00   1.7822190e+00  -6.7689858e-01  -5.1244741e-01  -7.3720382e-02
   1.0000000e+00  -4.4029443e-01   8.9338787e-01  -4.2628232e-01  -4.2139013e-01  -1.0325857e+00   4.8015435e-01
   2.0000000e+00  -1.3109050e+00  -1.0297767e+00   6.4294828e-01   1.2199053e+00  -2.8894287e-01   4.6529692e-01
   2.0000000e+00  -1.1694509e+00  -5.7305392e-01   1.2795033e+00  -9.3614071e-01  -2.4348255e+00   2.3595713e+00
   2.0000000e+00  -9.3844761e-02  -4.3363327e-01  -2.0453129e+00   2.1672655e-01   7.9083031e-01  -7.5391961e-01
   1.0000000e+00   1.0074047e+00   8.3998862e-02  -8.3928101e-01   3.8451883e-01  -6.4424646e-01  -2.9121651e-01
   1.0000000e+00  -2.7820413e-01   2.1387518e-01   3.0634119e-01  -5.2060652e-01  -1.5011871e+00   7.8255144e-01
   2.0000000e+00  -2.2976313e-01  -5.4221298e-01   9.9367952e-01  -1.3979693e+00   1.8681149e+00   5.3542142e-01
   2.0000000e+00   6.5070761e-01  -6.1454309e-01   3.3216948e-01   1.4704152e+00   5.0724908e-01  -1.0504618e+00
   2.0000000e+00  -1.9469817e+00   7.5856934e-01  -1.5874705e+00   8.1797170e-01   1.4793153e+00  -5.9069790e-01
   2.0000000e+00   9.5039743e-01  -6.3581746e-01   4.4088948e-01   6.9231532e-01   9.0368257e-01   1.1608280e-01
   2.0000000e+00   1.5676285e+00   1.5765697e-01   1.4634751e+00  -6.4023632e-01  -1.0257004e+00   1.1962802e+00
   2.0000000e+00   2.6348943e-01   4.5304307e-01  -1.5446427e+00   1.3141332e+00  -2.2908087e-01   2.2659663e-01
   2.0000000e+00  -5.1955961e-01   9.7929271e-01  -1.8711693e+00   3.5702922e-01  -2.3756913e-01   2.2592026e+00
   1.0000000e+00   2.2581499e+00   7.9761013e-01  -2.5417621e-01  -1.1322683e+00  -3.8966487e-02  -2.9925995e-01
   2.0000000e+00   1.4998915e+00   4.9116371e-01   1.9263691e+00  -8.5251272e-01   4.9064502e-01   1.2561833e-01
   2.0000000e+00   7.0357428e-01   9.1108706e-01   8.9843357e-01   1.0056464e+00   7.4716443e-01  -3.7505940e-01
   2.0000000e+00  -7.6587850e-03   5.3502815e-01   1.3988505e+00  -2.0288736e+00   1.3167919e-01  -4.7333763e-01
   2.0000000e+00   1.4006450e-01   8.3972181e-01   8.7722040e-01  -4.7164842e-01   1.2282216e+00   7.5929290e-01
   1.0000000e+00  -7.9003795e-01   5.2545277e-01   4.1287169e-01   1.0741387e+00   4.4636252e-01   7.3227534e-02
   1.0000000e+00   3.1959876e-02   4.1046630e-02   1.7756438e-01  -5.3270743e-01  -3.7460419e-01  -1.0749141e+00
   1.0000000e+00  -1.4203348e+00   2.5510305e-01  -1.7013654e-01  -1.5094601e+00  -1.1123377e+00   9.5432156e-01
   2.0000000e+00  -7.5714838e-01  -9.9694428e-01  -2.2501817e-01  -4.8635925e-01  -8.3771077e-01  -3.4548931e-01
   2.0000000e+00  -1.4835190e+00   4.1549188e-01  -2.3679669e+00   6.3021887e-01  -2.2537145e+00  -1.1731107e+00
   2.0000000e+00  -7.1956913e-02  -7.3948699e-01  -1.6870627e+00   4.0537053e-01  -1.8165918e-02   7.0093425e-01
   2.0000000e+00  -4.8028839e-03   6.7352704e-01   9.3083940e-01  -2.8192409e-01  -5.2976129e-02  -1.4729671e+00
   2.0000000e+00   1.6186672e+00  -1.3758416e-01   9.4443412e-01  -4.0011910e-01  -4.0916337e-01  -1.1552250e+00
   1.0000000e+00  -4.0873984e-01   7.1846052e-01  -6.9141439e-01   2.3017159e+00   9.4453342e-01  -7.9274628e-02
   1.0000000e+00  -2.0079811e+00   5.3214616e-01  -4.8065667e-01   7.0193105e-01   1.3227975e+00  -6.3945305e-01
   1.0000000e+00   5.0790263e-01   8.0324599e-01  -4.3616133e-01  -8.4205290e-01  -9.7813548e-01   5.3232630e-01
   1.0000000e+00   4.7317046e-01   7.6656982e-01   3.7098003e-01  -1.8415815e-01  -6.2852863e-02  -2.4381745e+00
   2.0000000e+00   8.3355184e-01   1.9645813e-01  -1.0242412e+00   3.5829100e-01  -4.7121298e-01   1.5148863e-01
   2.0000000e+00  -1.6516231e+00  -2.0572800e+00  -1.5669869e+00  -2.0527553e+00  -1.2859716e-01  -7.5613405e-01
   1.0000000e+00  -1.5465873e+00   6.1564918e-01  -2.7589694e-01  -1.9177735e-01   3.4432861e-02   2.4635931e+00
   1.0000000e+00   9.0590190e-01   6.9355890e-01  -6.6909602e-01  -5.6768207e-01   4.5208207e-01   6.6958050e-01
   1.0000000e+00   7.9103730e-01   3.2426661e-01   5.1917714e-01   7.0461094e-02  -2.3952512e-01  -8.2388328e-01
   2.0000000e+00   1.5218894e+00  -1.7433683e+00  -2.5227091e-01  -3.4717132e-01   4.3012357e-01  -3.9336944e-01
   2.0000000e+00  -1.8932967e+00  -2.7424588e-01   1.7916413e+00   2.5053335e+00  -3.1070189e-01  -1.6480015e-01
   2.0000000e+00   6.9672657e-01  -1.9647495e-01   3.5262961e-02   6.6635007e-01  -2.2976461e-01   1.7031508e+00
   2.0000000e+00  -1.7079294e+00  -4.0894956e-01   1.1446385e+00   2.1883737e-01  -1.3344006e+00  -5.9565715e-01
   1.0000000e+00  -1.2960299e-01   3.6514980e-01   3.0248394e-02   1.1282449e+00   6.1377966e-01   6.6547587e-01
   2.0000000e+00  -2.3764139e-01  -4.4747522e-01  -3.1004546e-01   9.8347129e-01   2.9501387e-02   3.8805321e-02
   2.0000000e+00  -2.5866903e-01   1.0466873e+00  -1.5331691e+00   4.1666045e-01  -5.8733694e-01   1.2519905e-01
   2.0000000e+00   1.5954454e+00  -1.4449535e+00   4.6190960e-01  -3.8319717e-01   7.6581441e-03  -9.0887931e-01
   2.0000000e+00   6.3345097e-01  -9.8792244e-01  -4.1726044e-01  -1.9032490e+00  -1.3348767e+00   3.0232388e-02
   2.0000000e+00   1.8333033e-01  -6.0453996e-01   1.4163328e-01   1.4667112e+00   3.0799540e-01   1.9539987e-02
   1.0000000e+00   5.4797099e-01   5.7777986e-01   5.8646707e-01  -1.2017378e+00   2.1227047e-01   8.6108816e-01
   2.0000000e+00  -7.3090232e-01  -4.8482009e-01   1.1467089e+00  -1.8147049e+00  -4.4033453e-01   1.5244408e+00
   2.0000000e+00  -2.5150632e+00  -5.2820143e-01  -5.1852362e-02  -3.4509277e-01  -9.7418218e-01   1.2818162e+00
   2.0000000e+00  -7.5573028e-01   9.4625394e-02  -1.7026455e+00  -2.3457079e+00  -4.5688913e-01   4.3699004e-01
   2.0000000e+00  -1.2848459e+00  -1.1965741e+00  -1.3284172e+00  -1.7549840e+00  -1.8843417e+00   5.2206492e-01
   1.0000000e+00   1.0321566e+00   6.4332648e-01  -5.8571431e-01  -1.8627540e+00  -1.6342673e+00  -2.0040175e-01
   2.0000000e+00  -5.9166886e-01   1.6036760e+00   3.0563754e-02   2.6715624e-01  -1.0643571e+00  -1.3517252e-01
   2.0000000e+00  -1.5811681e+00  -3.5751997e-01  -4.3898083e-01  -7.0627151e-01   2.1881160e-01  -2.8574785e-02
   2.0000000e+00  -1.7620559e+00  -9.3837057e-01   7.7428719e-01   2.7919963e-02   5.7687312e-01  -1.1846454e-01
   2.0000000e+00   2.4081102e-01  -1.9837522e-01   1.1922669e+00   2.1639924e-01   8.8800137e-01   3.5863567e-01
   1.0000000e+00  -4.8123273e-01   7.9444864e-01   3.7177885e-01  -6.6256586e-01   2.4565489e-01   7.3556826e-01
   2.0000000e+00   4.3331467e-01   1.3574039e+00  -2.3294424e-01  -9.3286044e-01  -9.6176184e-01   5.0786634e-01
   2.0000000e+00  -9.7276782e-01  -8.6454749e-01  -1.0641605e+00   2.4593673e+00  -1.2181993e+00   1.1993543e+00
   2.0000000e+00   4.0055491e-01  -3.9303138e-01   6.4295558e-01   6.8371897e-01  -2.5693837e-01   4.4625080e-01
   2.0000000e+00   9.8938600e-01   3.8779884e-01  -1.3940414e+00   1.3495495e+00  -1.5335481e+00  -1.1223912e+00
   2.0000000e+00  -5.8379112e-01  -4.9262769e-01   6.7980604e-01   3.0469859e-01  -1.8394635e-01  -2.3365960e-03
   1.0000000e+00   1.7995378e+00   5.9178754e-01   4.4651833e-01  -1.6816841e-02  -6.3136722e-01  -3.8694851e-01
   2.0000000e+00  -1.6549844e+00  -3.3908140e-03  -4.0900384e-01  -3.1807726e-01   5.7935737e-01   1.2058687e+00
   2.0000000e+00   1.6212545e+00  -1.1897142e-01   9.8483928e-02  -2.3505009e+00  -2.0491614e-01   8.9250613e-01
   1.0000000e+00   1.0982082e+00   8.7773184e-01  -1.8068905e-01  -2.9165067e-01  -3.6585600e-01  -1.7654753e+00
   2.0000000e+00   3.5160833e-01  -1.5982849e-01  -4.3920533e-01   4.1413015e-01  -4.7978560e-01  -9.1022270e-01
   1.0000000e+00   1.2423569e+00   3.3581299e-01   2.2426251e-01  -1.2553739e+00   1.1794893e+00  -1.0765050e+00
   1.0000000e+00  -2.7715339e-01   1.2894828e-01   8.1155970e-01   6.5122694e-02   6.9835287e-01   1.7049299e-01
   2.0000000e+00  -1.7586502e+00   1.0561994e+00  -1.1587223e-01   3.8902733e-01   1.0022022e+00   2.3689453e-01
   2.0000000e+00   5.2213672e-01   1.0476804e+00  -3.4809609e-01  -4.1585143e-02  -1.7818699e-01   7.6514248e-01
   2.0000000e+00  -1.1610016e+00   1.1420301e+00  -1.4451287e-01  -8.7647985e-01  -4.2120176e-01   1.1951886e+00
   2.0000000e+00  -6.8779466e-01   2.4582950e+00  -3.3699754e-01   6.1200768e-01  -1.7099398e+00   1.0974314e-01
   2.0000000e+00   2.4653170e-01  -3.1423020e+00   5.8202945e-01  -1.3688213e+00  -1.9536517e+00   3.4216901e-01
   2.0000000e+00   1.9771099e-02  -4.0444833e-01   7.7710951e-01   9.3627696e-01   3.0680560e-01  -1.5531558e+00
   2.0000000e+00   5.1688739e-01   4.4190470e-01   9.8286364e-01   7.9701008e-01  -4.0839020e-01  -5.2281585e-01
   2.0000000e+00   1.1804264e+00  -8.3050064e-02  -9.1690381e-01  -3.6189298e-01  -9.5521312e-01  -1.1026965e-01
   2.0000000e+00   1.5787299e+00   4.3905573e-01   1.0001231e+00  -2.4186445e+00   4.4638106e-01   7.1763930e-01
   2.0000000e+00  -2.6560183e-01  -2.6405344e-01  -3.2678010e-01   3.6784657e-01  -3.8807030e-01   7.4061396e-01
   2.0000000e+00  -1.0149672e+00  -1.4917014e+00   1.3653236e+00   1.5076897e+00   5.4148620e-02  -5.5143375e-01
   2.0000000e+00   6.8665405e-01  -4.7913075e-01   1.4076203e+00  -8.4084203e-01  -7.7311220e-01  -1.7494766e+00
   2.0000000e+00   9.1333352e-02  -5.7738275e-01  -1.6162516e+00   1.6408221e+00   7.3029485e-01  -3.5753045e-01
   2.0000000e+00  -8.6782626e-01  -5.8778854e-01  -2.8451898e-01   4.6571802e-01  -1.7249180e+00  -8.4286152e-02
   1.0000000e+00   4.1937609e-01   4.5070403e-01   8.7767629e-01  -1.8402258e+00  -8.6975305e-02  -6.5355885e-01
   1.0000000e+00  -8.6822752e-01   1.6917110e-02   3.5202940e-02   1.0072559e+00  -9.8998687e-01   4.4901781e-01
   2.0000000e+00  -4.2734707e-01  -1.0547467e+00   3.5483600e-01   9.4019285e-01   6.8564701e-01  -2.6295560e-01
   2.0000000e+00   4.2273101e-01   2.1580889e+00  -1.4429719e+00  -1.4151684e-01   1.1637303e-01  -8.5125285e-01
   1.0000000e+00   2.1857647e+00   4.5453978e-02   2.1239209e-01  -1.5620904e+00   1.2759256e+00   6.4644456e-01
   2.0000000e+00  -5.3567093e-01  -5.4937169e-01   1.0929432e+00  -8.5788995e-01   5.2563975e-01  -3.2614415e-01
   2.0000000e+00   2.9340094e+00  -5.4809879e-02   6.5857576e-01   1.2177891e+00  -6.1908754e-01   2.4221123e+00
   2.0000000e+00  -1.4229882e+00   1.0762775e+00   6.7170426e-01  -1.4599228e+00  -8.8426280e-02   1.6761923e+00
   2.0000000e+00   1.0472117e+00  -1.7903041e+00  -1.5803124e+00  -7.6223785e-01   4.3193482e-01  -7.8389917e-01
   2.0000000e+00  -2.5495909e+00  -1.0855144e+00   4.4847504e-01   8.6146054e-01   4.4877264e-01   6.7443579e-01
   2.0000000e+00   2.1631956e+00  -1.4602216e+00  -3.8739624e-01  -8.6753722e-01  -1.2551668e+00   2.9658673e-01
   2.0000000e+00   1.3523022e+00   9.3428568e-01   5.6360549e-01   1.3287341e+00   7.5008291e-01  -1.1784633e+00
   2.0000000e+00   1.8753104e+00   4.3179299e-02  -1.1123266e+00   5.5271771e-02   1.6478087e+00   2.2879968e-01
   1.0000000e+00  -4.6502363e-01   9.3672314e-01   2.9853067e-01   2.3896157e+00   5.4859651e-01  -1.1539623e-01
   2.0000000e+00   1.0890022e+00  -8.8377466e-01  -8.7036555e-01   1.7348200e-01   5.7030194e-01  -1.2546033e-02
   2.0000000e+00   3.0681038e-01   1.8446301e+00  -3.7000989e-01   9.0989162e-01  -2.4871957e+00  -4.2463120e-01
   2.0000000e+00  -6.7090613e-01   6.2357069e-01   1.9873099e+00   2.7101704e-01  -2.1176907e-01   7.4040098e-01
   2.0000000e+00   1.0771659e+00   3.4681407e-01  -1.2685223e+00   6.3043260e-01  -1.3870049e+00   1.9849152e-01
   1.0000000e+00  -4.3230866e-01   1.8520050e-01  -1.1358342e-02   3.2953476e-01   5.5224928e-01  -2.9022387e-01
   2.0000000e+00  -6.4596134e-01  -6.1545211e-01  -9.0003614e-01   3.0838850e-01  -7.8303384e-01  -4.9110463e-01
   2.0000000e+00  -1.8632916e-01  -7.8277752e-02   1.6433963e+00   7.5234569e-01  -3.9989762e-01   1.0640912e+00
   2.0000000e+00   2.0017653e-01  -4.7879884e-01   4.8773602e-01  -1.8926010e-01  -8.7532153e-01   3.3285108e-01
   2.0000000e+00  -1.4108740e+00  -1.1275101e+00  -1.8417320e+00   3.7661776e-03   6.5963960e-01  -4.3295560e-01
   2.0000000e+00  -1.1107610e+00  -1.3907391e+00   1.5866554e+00   5.3699869e-01  -9.5492043e-01   2.9308288e+00
   2.0000000e+00   1.0849808e+00   4.3280196e-01  -1.0368037e+00   1.3380645e-01   6.7943952e-01   2.4428293e+00
   2.0000000e+00  -1.1571104e+00  -1.0186090e-01  -1.1049498e+00   7.1268703e-01   5.1632236e-01   8.3271679e-01
   2.0000000e+00  -5.4423894e-01  -1.0955215e-01   6.6190138e-01   3.9824806e-01  -3.8193058e-01  -6.3618187e-02
   2.0000000e+00  -6.3742657e-01  -8.3203229e-01   1.2669705e+00   7.5673411e-01   4.2561717e-01  -1.9697192e+00
   2.0000000e+00   1.2766646e+00  -1.4438891e+00   1.4897146e-01   5.1031523e-01  -1.6599936e+00   1.6964262e+00
   2.0000000e+00   5.6667083e-01   5.9209836e-01  -1.3362184e+00   6.3520805e-02   1.9729514e+00  -4.5584793e-02
