   2.0000000e+00  -8.4975892e-02   1.4136573e+00   9.5165009e-01  -6.2154770e-01  -1.9397639e-01   1.9818832e-01
   2.0000000e+00  -2.7882110e-02   1.1243827e+00  -2.1574953e-02   5.6212761e-02  -6.8103339e-01   1.1204689e-02
   1.0000000e+00   1.8317942e-01   1.9906636e-01   7.8262401e-01  -4.4629454e-01  -9.2054281e-02   5.3753953e-01
   1.0000000e+00   9.0548456e-02   2.1026995e+00   1.1118404e+00   3.3034793e-01   1.3278130e-01  -8.6887981e-01
   2.0000000e+00  -9.4701395e-01   1.1093020e-01   1.1698000e+00  -1.7507456e+00   5.8013407e-01  -6.7027128e-01
   1.0000000e+00   1.4555883e-01   3.5852858e-01   1.1104550e+00   1.8589946e+00   6.0935650e-01  -4.6994788e-01
   2.0000000e+00  -2.2986542e-01   3.6811070e-01  -1.2397605e-01  -2.7549847e-01  -8.7697194e-01  -7.1441298e-01
   2.0000000e+00   6.6613927e-02  -3.2337882e-01   2.5070353e+00   3.1217340e-01   1.8008623e+00   4.4048234e-01
   2.0000000e+00   1.0241673e+00   1.8396225e+00   1.1659336e-01   1.4598932e-02   1.6734545e-01  -1.9287165e-01
   2.0000000e+00  -3.7225286e-01  -6.5252236e-01   1.5083752e-02   6.2081855e-01  -1.2729318e+00   1.0949309e+00
   2.0000000e+00  -3.9415878e-01   5.1496556e-01   2.4565111e-01   1.7236428e-01   1.2319690e+00   1.9794665e-01
   2.0000000e+00  -6.2788171e-01   7.6003550e-01  -2.9567450e+00   1.3113696e+00  -6.6374460e-01   2.8784609e-01
   2.0000000e+00  -4.6552141e-01   1.2027772e+00  -3.2746400e-01  -2.7723996e+00   7.3731308e-02  -3.2189709e-01
   1.0000000e+00   6.3488282e-01   1.2266559e+00  -5.4855088e-01   7.4123663e-01  -1.8699524e+00   4.6613596e-01
   2.0000000e+00  -8.7462603e-02  -6.1373068e-01   1.7068282e+00  -7.4771423e-01  -2.3891143e-01   2.7951943e+00
   2.0000000e+00  -5.7645778e-01   9.0727200e-01  -6.2327327e-01   3.1979446e-01   5.5219420e-01  -1.3425952e-01
   2.0000000e+00  -1.1787919e+00   1.0477133e+00  -1.1145002e+00   6.4024154e-01  -6.2631437e-01  -2.3004597e+00
   2.0000000e+00   5.2598980e-01   2.0905363e+00  -1.4853421e+00   1.5548426e-01  -9.3925774e-01   1.5767263e+00
   2.0000000e+00   1.1293292e+00  -9.1888240e-01   4.5138482e-01  -1.9178161e+00  -1.1400398e+00   1.7917540e-01
   2.0000000e+00  -1.6312744e+00   1.9480988e-01   7.3659684e-01   2.6026082e-02   1.1275290e+00  -1.2003686e+00
   2.0000000e+00  -6.4634426e-01  -7.9423916e-01   3.6819803e-01  -1.4639638e+00   2.0488497e+00  -1.2149428e-01
   2.0000000e+00   6.7366261e-01   1.4012619e+00   1.4127334e+00  -1.1727088e+00   6.6246751e-01   2.4386869e+00
   2.0000000e+00  -1.7983386e+00  -3.9257422e-01  -2.7981576e-01   1.9180307e+00   1.2553949e+00   1.1256027e+00
   2.0000000e+00   1.4301366e+00   7.7402327e-01  -6.4162646e-01  -1.4700755e+00  -7.3735111e-01   8.8394817e-01
   1.0000000e+00   3.9181886e-01  -5.5612113e-01   4.8602578e-01   1.7894225e-02  -1.3411629e+00  -4.7351707e-01
   2.0000000e+00   1.6199198e+00  -2.3609570e-01  -9.1553606e-01   9.2534192e-01  -6.7723043e-01  -5.2850583e-01
   2.0000000e+00  -1.5185736e+00  -1.0470919e+00   4.4275037e-02   8.2258211e-01   9.1770434e-02   6.1603382e-01
   1.0000000e+00   2.0908251e-01  -1.1379003e+00   2.9536900e-01   4.1269836e-01  -2.6249184e-01   1.3737713e-01
   2.0000000e+00   7.3373806e-01   3.7345227e-01   2.6768852e+00   2.2547517e-01  -9.7199009e-01  -1.4649857e+00
   2.0000000e+00  -2.1356855e-01  -5.7579300e-01   1.8766395e-01   2.1501574e+00  -1.8219629e+00  -5.8553375e-01
   2.0000000e+00   4.8025844e-01  -1.0182908e+00   1.4986236e+00   6.7362958e-01  -6.9229621e-01   1.1712553e+00
   2.0000000e+00  -2.0691760e+00  -6.2176880e-02   2.3054563e-01  -1.2570241e+00  -5.5153144e-01   1.4037876e+00
   1.0000000e+00   1.1709030e-01   1.2333756e+00   8.8964512e-01  -2.9894052e-01  -6.7347396e-01  -3.0496410e-01
   1.0000000e+00   1.1173946e-02  -1.4987141e+00  -6.9377809e-01   4.2213815e-01   7.4354059e-01  -8.6921067e-01
   2.0000000e+00  -8.6366533e-01   3.7997131e-01  -9.5196069e-02  -9.0425753e-02   1.6534847e+00  -5.5356804e-01
   2.0000000e+00  -9.8051804e-02  -1.2098954e+00  -8.0661242e-01  -1.2759088e+00  -5.4815882e-01   4.8666444e-01
   2.0000000e+00  -8.6049855e-01  -1.7700305e-01   1.1758420e+00   1.1649568e-01   7.5184832e-01  -1.4750229e-02
   1.0000000e+00   2.5185261e-01  -2.1798814e+00  -7.9008020e-01   7.8840990e-01  -7.3457619e-01  -7.7881623e-01
   2.0000000e+00  -5.3195222e-01  -1.1865879e+00   1.7199682e-01   7.7360468e-01  -7.8261018e-02  -4.2185904e-01
   2.0000000e+00  -1.4344290e+00  -4.4342357e-01   1.0292230e+00   8.8327081e-02   1.0851496e+00   1.5715286e+00
   1.0000000e+00   3.8995578e-01  -1.0734108e+00   6.2289184e-01   9.7126071e-01   1.1663152e+00  -3.4292193e-01
   1.0000000e+00   4.0385509e-01  -7.7883917e-01   5.7831282e-01  -5.2377566e-01   5.2209052e-01   2.9778376e-01
   2.0000000e+00   1.0974763e+00   7.4981135e-02   7.9811567e-01  -1.6560723e+00  -1.0057085e+00   3.9913876e-01
   2.0000000e+00   1.8619289e+00   1.2265429e+00  -8.0838983e-01   8.5401276e-02  -3.4013824e-01   2.4602780e-01
   2.0000000e+00   1.7504670e+00   6.4997547e-01   2.3436290e+00  -2.4272986e-01  -8.9655427e-02   1.1418837e+00
   2.0000000e+00  -9.8428664e-02   2.1377542e-01   1.4440745e-01  -2.3832169e+00  -8.7335435e-01  -5.2837764e-01
   2.0000000e+00  -6.2411766e-01  -5.4494972e-01  -1.0797518e-01  -7.9352372e-01  -5.0974780e-01   1.2283604e+00
   2.0000000e+00  -5.9084950e-02  -5.3203116e-01   4.2082547e-01   3.8699069e-01   5.2341834e-01  -9.4324322e-01
   2.0000000e+00   1.8340446e+00  -2.8822335e-01   1.3713803e+00   9.9140417e-01  -6.9352513e-01  -1.2251537e+00
   2.0000000e+00  -4.7677225e-01   1.8663303e+00   1.5356830e+00  -1.2940279e+00  -7.5603695e-01  -3.0955187e-01
   2.0000000e+00   6.2622972e-01   7.4055255e-01   4.5184055e-01  -2.6493770e+00   2.4089068e+00   9.3794848e-01
   2.0000000e+00  -1.0492631e+00  -4.3871104e-01  -1.5264899e+00   2.2312832e-01   1.5935264e+00  -2.4336860e-02
   2.0000000e+00   1.2378388e+00   4.9748626e-01   2.8803624e-01  -7.9299761e-01   7.2951398e-01   5.2125187e-01
   2.0000000e+00  -1.1495220e+00   2.0570863e+00  -2.2494975e-01   3.0892267e-01   9.8151500e-01   8.0855822e-01
   2.0000000e+00  -3.3005180e-01  -1.9249456e-01   1.2467376e+00  -1.1031252e+00   8.9010655e-01  -6.6139633e-02
   2.0000000e+00   2.0365892e+00   9.1444586e-01  -3.3785336e-01   4.9262088e-01   1.5785994e+00  -2.6841810e-01
   2.0000000e+00  -9.7547440e-01   5.6758064e-01   3.7183384e-01   1.3367907e+00  -1.0721606e+00   6.7234581e-01
   2.0000000e+00  -1.8246759e-01   1.2969851e-01   9.5931159e-02  -6.1478005e-01  -2.5279449e-01   6.2792077e-02
   2.0000000e+00   1.1941882e+00  -2.3602048e-02   1.8049113e+00  -1.1268264e-01   9.1233444e-01  -1.9089648e+00
   2.0000000e+00  -1.5247041e+00   3.0501225e-02   8.8201912e-01   1.9604699e+00  -1.6394135e+00   5.9206721e-01
   2.0000000e+00  -8.8254336e-01   1.4525753e+00   4.9292654e-01  -1.5978836e-01   7.6673850e-01   9.7356538e-01
   2.0000000e+00   3.7856322e-01  -2.1924559e+00  -8.5557152e-01   6.2248914e-01   7.2911152e-01   2.3909394e+00
   2.0000000e+00   3.6188257e-01   2.5342272e-01   1.7744081e+00  -5.3127501e-02   2.3026030e+00  -1.4588627e+00
   2.0000000e+00  -8.1878517e-01   5.9420881e-01   4.8590464e-01  -8.9382839e-01  -2.7287246e-01   1.1741361e+00
   2.0000000e+00  -3.8392056e-01   6.4049108e-01   1.6921403e+00  -1.3060814e+00   1.5187205e+00   1.2359050e+00
   2.0000000e+00  -6.5185018e-01  -1.3105992e-01  -1.9218879e+00  -2.0184735e-01  -1.7471771e-01   5.5830989e-01
   2.0000000e+00  -2.0359379e-01   5.1050755e-01   8.6432611e-01  -4.5774212e-01   1.1466586e+00   1.3164054e+00
   2.0000000e+00   2.0864381e-02   8.1021943e-01  -7.7046031e-01  -1.5851436e+00   2.4941220e-01   1.1663448e+00
   2.0000000e+00  -7.3957318e-01  -6.3041886e-01   1.5404652e-01  -4.6767491e-01   1.1892133e+00  -7.7730753e-01
   2.0000000e+00  -1.3046900e+00   1.4401879e+00   3.4103945e-01  -6.7923714e-01  -5.2914103e-01  -1.2021264e+00
   2.0000000e+00   1.6018151e+00   1.2711625e+00  -1.1437507e+00  -1.7313066e+00   2.2054750e-01   2.6802255e+00
   2.0000000e+00  -4.7154462e-01  -9.1504835e-01   3.5910804e-01  -4.2807422e-01  -5.0680294e-01   9.9481749e-01
   2.0000000e+00  -7.8854257e-01  -2.1193096e-01   9.5825179e-01  -9.7798365e-02   5.4209066e-01   6.7779897e-01
   2.0000000e+00  -7.2987242e-02   7.2523782e-02   1.3352006e+00   1.9543190e+00   3.3823346e-01  -2.0916900e-01
   2.0000000e+00  -3.3747984e-01  -4.0709182e-01  -5.3487497e-01   2.1692275e+00  -1.5261259e+00  -1.2023234e+00
   2.0000000e+00  -4.6535372e-01   4.0823507e-01  -1.8925818e+00   2.5141947e-01   2.5357662e-01  -7.8107225e-01
   2.0000000e+00  -2.9621710e-01   1.3127050e+00   1.3663706e+00  -1.1184237e+00  -9.6744989e-01  -1.6211741e+00
   2.0000000e+00   8.1500888e-01  -9.9572953e-01   1.7946888e-01   1.4242440e+00  -4.0944554e-01  -8.4900220e-01
   2.0000000e+00   1.9240591e+00  -4.9705278e-01   8.4287271e-01  -1.7035962e-02  -3.8827759e-01  -1.2150436e+00
   2.0000000e+00   1.3817039e+00   3.2042329e-01  -6.2895607e-01  -5.1603432e-01  -1.9968207e+00  -2.0865589e-01
   2.0000000e+00   8.4254195e-01   6.5205182e-01   2.1273060e-01   7.1012590e-01   2.6611093e+00  -9.7236726e-01
   2.0000000e+00   1.5418231e+00  -2.5110255e-01   5.2638430e-01  -6.6988336e-01   1.4934537e+00  -2.1670497e+00
   1.0000000e+00   7.5250683e-01  -1.1197800e+00   1.3026346e+00   3.6606474e-01  -1.2553483e-01   1.9026619e-01
   1.0000000e+00   4.0386685e-01   6.3263756e-01  -3.5811551e-01  -8.4864918e-01  -1.3123923e+00   5.6635700e-01
   2.0000000e+00   1.2633917e-01  -1.0211461e+00  -2.3812595e+00   9.7639517e-01  -3.6229771e-01  -4.1424971e-01
   2.0000000e+00   2.0654686e+00  -7.0360511e-01  -1.8688165e-01   6.4078617e-01   7.7471685e-01  -2.5451073e-01
   2.0000000e+00  -8.5128054e-02  -5.2144434e-01   1.6447775e+00   1.2705369e-01   1.1176497e+00  -5.7591251e-01
   2.0000000e+00  -7.9475157e-01   4.7048638e-01   1.0978688e+00  -3.8371129e-01  -8.6826831e-01   2.1795854e+00
   1.0000000e+00   2.1270312e-01   8.9936144e-01  -5.7795652e-02  -1.6497200e+00  -1.7537281e+00  -2.7033917e-01
   1.0000000e+00   3.8597811e-01   1.9876675e-01   1.6258947e-01  -1.9678248e-01   2.6761522e+00  -3.0346779e-01
   2.0000000e+00  -2.1038118e-01  -1.5044841e+00   1.2839972e+00   9.5910273e-01  -1.3160657e+00   6.5940995e-01
   2.0000000e+00   1.2498766e-01  -1.4282529e+00   4.4938390e-01  -9.6910885e-01   9.5146320e-01   1.2501736e+00
   2.0000000e+00  -8.1235881e-01   3.3642444e-01   1.1475435e+00  -1.1007592e+00   4.4354977e-02  -4.5028135e-01
   1.0000000e+00   2.6496479e-01  -7.5422340e-01  -1.9563339e+00   1.3498694e+00  -1.3180696e+00   5.6734115e-01
   2.0000000e+00   2.4783817e+00  -1.6225166e-01   3.2011569e-02   4.6718919e-01   6.4018265e-01  -4.3577177e-01
   2.0000000e+00  -2.5013231e-01  -1.6513230e+00  -1.5730299e+00  -8.8206776e-01  -3.6860001e-01  -1.6229659e-01
   2.0000000e+00   7.1899853e-02   1.7992132e+00   1.0915476e+00  -5.1091381e-01   1.4269992e-01   1.6359431e+00
   1.0000000e+00   6.0336364e-01   7.5385228e-01  -5.7535853e-01  -1.2664884e+00  -1.2005159e+00  -7.2128603e-01
   2.0000000e+00   1.4364359e+00   1.1144302e+00  -2.0137980e-01   9.4714636e-01  -9.9054981e-01   1.1086808e+00
   2.0000000e+00  -1.1531121e+00   9.8548728e-02   1.7822075e+00  -1.1119919e+00  -2.7744017e-01   8.2237949e-01
   2.0000000e+00   1.1502200e+00  -1.9134114e+00   4.7986992e-01   6.1265452e-01  -7.4054757e-01   6.8313768e-01
   2.0000000e+00  -2.8533233e-01   6.1497485e-01  -1.2861556e+00   5.5107638e-01  -1.0408948e-01  -7.5234819e-01
   1.0000000e+00   5.5858944e-01  -1.0046070e+00   5.9552188e-01   7.4392424e-01  -8.0246418e-01  -1.7363615e-01
   1.0000000e+00   6.2173556e-01   1.0497952e+00   6.6391481e-01  -1.1684044e+00   5.1462250e-02   7.0437016e-01
   2.0000000e+00   1.5751684e+00   6.7599709e-01   6.2984456e-01  -1.3831557e+00   1.1064142e+00   2.7695571e+00
   2.0000000e+00   2.0670759e+00   1.2409738e-02  -1.2002915e+00  -1.7211645e-01   1.2708380e+00  -1.1349126e+00
   2.0000000e+00  -6.6038348e-01  -1.1874039e-01   3.3658698e-01  -8.5156102e-01  -1.6914586e-01   1.2546716e-01
   2.0000000e+00  -4.4552381e-01  -1.3635755e+00  -1.4472823e+00   7.1855078e-01  -7.5741453e-01   8.9595300e-01
   1.0000000e+00   7.2209641e-01  -2.1557139e+00   8.7327806e-02  -2.9049781e-01  -1.7249954e+00  -5.8259255e-02
   2.0000000e+00  -8.0824431e-01  -5.3228473e-01   1.3097308e+00   9.2426329e-01  -2.3946634e+00  -1.1699621e+00
   2.0000000e+00   2.5358423e+00   1.0696794e+00  -8.2159979e-01  -4.9984598e-01  -1.9269517e+00   5.3544285e-01
   2.0000000e+00   1.3228811e+00   6.3761701e-01   1.9595122e+00   7.3317835e-01   2.7434523e-01  -9.5088705e-01
   1.0000000e+00   5.6722971e-01   1.3158137e+00  -8.3910844e-01   2.1681089e-02   4.8040028e-01  -3.7181086e-01
   1.0000000e+00   2.8567881e-01  -4.8039559e-01  -1.4580458e+00  -6.7544145e-03   1.0144306e+00  -1.1347723e-01
   2.0000000e+00  -8.7901261e-03   2.1198178e-02  -1.3629255e+00   8.1106893e-01   1.0079008e+00  -5.3761081e-01
   2.0000000e+00   2.5140582e+00   2.1278010e-02   9.1781536e-01  -6.5155204e-01  -1.0780849e+00  -2.5448407e-01
   2.0000000e+00  -2.0848955e-01   4.6374356e-01  -8.0640466e-01  -2.9005125e+00   2.5911273e+00  -6.8464207e-01
   2.0000000e+00   1.0339370e+00   1.7108020e+00  -1.8464779e+00  -7.1461999e-01  -2.6978130e-01   7.7051016e-01
   1.0000000e+00   6.7286811e-02  -3.3506262e-01   1.1842025e+00   1.6052273e+00   2.6356149e-01   2.7035352e-03
   1.0000000e+00   3.2560902e-01   8.5222967e-01   1.5713871e+00  -9.2886661e-01   7.3244638e-01  -7.4825303e-01
   1.0000000e+00   2.0821355e-01  -4.2910229e-01   8.9744087e-01   1.3126856e+00   1.3857285e+00   6.5648895e-01
   1.0000000e+00   4.5891601e-01  -8.9160786e-01   7.8876889e-01   1.8947712e+00  -5.7928832e-01  -7.3902495e-01
   2.0000000e+00   7.4543486e-01  -1.9645171e+00   1.4192808e+00  -1.2016914e+00   6.4619166e-01   1.8346974e+00
   2.0000000e+00   2.0198135e-01   2.3173160e-01  -2.2330330e+00   7.5051228e-01   8.1093974e-02   7.4248580e-01
   2.0000000e+00  -1.0132859e+00  -2.2553503e-01  -3.8973008e-01   7.3246392e-01   1.3782503e+00   4.5934351e-01
   2.0000000e+00  -2.3632700e-01   1.4560148e+00  -1.4428913e+00  -3.1500347e-01  -9.5359482e-01   1.5157784e+00
   1.0000000e+00   1.7757746e-01  -1.2210653e+00   2.0638167e-01   4.6004578e-01   3.4058503e-01  -1.8540993e-02
   2.0000000e+00  -9.1316560e-02  -8.0904805e-01  -2.4399440e-01  -4.8271111e-01   1.7165056e+00  -8.5008077e-01
   2.0000000e+00   1.8371146e+00   1.4341489e+00   1.7701089e+00   2.1497625e+00  -1.5494782e+00   1.6029248e+00
   1.0000000e+00   6.1661701e-01   9.6509904e-01   6.7890298e-01   6.5664825e-01   9.5768139e-01   3.5995541e-01
   2.0000000e+00   6.4038382e-01  -5.9408159e-01  -4.3265860e-01   1.2689998e+00  -6.9830603e-01  -7.7148983e-01
   2.0000000e+00  -3.4101493e-02   4.6325730e-01  -4.1041673e-01  -2.1623265e-01   9.8421182e-01  -5.0743902e-01
   2.0000000e+00  -8.9647945e-02  -4.6048466e-01  -1.9311496e+00  -8.7924739e-01  -7.3031081e-01  -5.6706525e-01
   2.0000000e+00  -6.9673898e-01  -1.6116112e+00  -3.9850144e-01  -7.1286983e-02  -5.2212631e-01  -1.7674716e+00
   1.0000000e+00   1.7354925e-01   1.1438023e+00   3.7772173e-01   3.5912070e-01  -1.9932939e+00   6.8262115e-01
   1.0000000e+00   3.0046423e-01  -9.7446527e-01  -1.1749255e+00  -1.4476335e+00  -9.2899137e-01   8.9388540e-01
   2.0000000e+00   4.1995656e-01  -1.5687104e+00  -2.3518995e-01   2.9502130e-01  -4.5540654e-01  -3.2431428e+00
   2.0000000e+00  -3.4178671e-01  -1.0053687e-01  -1.2783333e+00  -9.5028644e-01  -1.7672461e+00  -1.9742711e-01
   2.0000000e+00   1.0077127e+00  -8.6163310e-01  -5.0843633e-01  -6.5846418e-01   3.7389709e-01  -1.8195290e+00
   2.0000000e+00   1.1864690e+00  -9.9313148e-01   3.8319666e-01  -1.2369112e-01  -7.7503067e-01   8.6537150e-01
   2.0000000e+00  -2.0425029e+00  -1.0936222e+00  -1.0366705e+00  -8.2857366e-01   1.3670746e-01   1.4274564e+00
   2.0000000e+00  -1.3624525e-02  -1.3147970e+00  -5.6154542e-01   4.9270788e-01   1.2414116e+00  -5.0415381e-01
   2.0000000e+00   1.3720330e+00   7.3584745e-01   1.5463577e+00   5.0434094e-01   1.1541037e+00  -1.9071009e-01
   2.0000000e+00  -2.1135965e+00   7.4591276e-01   1.5809330e+00   5.9783310e-01  -7.3141391e-01   3.2740190e-01
   2.0000000e+00   1.1592450e+00   1.3207294e+00   6.8253303e-01  -1.4790258e+00   3.7444485e-01   7.9428622e-01
   2.0000000e+00  -1.6938236e+00  -7.6528709e-01   1.5269047e-01   1.2986767e+00  -2.2549136e-01  -1.3736348e+00
   2.0000000e+00  -1.1261164e+00   5.4228804e-03  -6.0846263e-01   1.9672773e+00   1.1248435e+00  -1.3082164e+00
   1.0000000e+00   3.0018260e-01   1.5283225e+00   4.8794564e-01  -9.3504639e-01  -1.8025375e+00  -2.3609740e-01
   1.0000000e+00   4.8774642e-01   4.2792163e-01  -1.9243560e-01   1.8938158e+00  -6.6835180e-01   4.3401354e-01
   2.0000000e+00   2.6958448e-01  -1.3807661e+00  -3.5956869e-01   3.3101779e-01   1.5871138e+00  -2.5454100e+00
   1.0000000e+00   6.1142877e-02  -5.2107230e-01   2.0737485e-01  -1.8624200e+00  -9.2332575e-01  -4.8757061e-01
   1.0000000e+00   5.4864425e-01  -1.4274051e+00   8.6395776e-01   1.4634392e+00  -6.9823254e-01  -6.8602360e-01
   2.0000000e+00   1.1024033e+00   1.0076565e+00   3.7305262e-01   8.0413176e-01  -6.7552081e-01   1.4444396e+00
   2.0000000e+00   6.2832990e-01   1.1641991e+00   2.1518106e-01  -1.9258022e+00  -1.8392897e+00  -8.3381989e-01
   2.0000000e+00   9.2643755e-01   1.6516306e+00  -2.8375080e+00  -9.9854235e-04   4.9535933e-01   3.6973411e-01
   2.0000000e+00   8.9127970e-01   3.8183934e-01   2.4330502e-01   2.5867725e-01   4.6831365e-01   1.3710630e+00
   2.0000000e+00  -7.9595065e-02   1.0209964e+00  -3.3460593e-01   7.0302324e-01   1.1166235e+00  -1.6309057e+00
   2.0000000e+00  -7.8689849e-01   1.0994306e+00   6.0257198e-01  -1.5246260e-01   8.7217063e-01   8.4383069e-01
   2.0000000e+00  -1.1764920e+00  -7.6909390e-01  -1.9384099e+00  -9.2563090e-01   1.4616652e-01  -5.1073204e-01
   2.0000000e+00  -1.5317785e+00  -5.2050861e-01   5.5685747e-01  -8.8934879e-01   1.3899107e+00  -8.9303021e-01
   2.0000000e+00  -9.0322307e-01  -9.4745765e-01   1.8797925e+00   3.6573985e-01   2.4970791e+00  -4.9638321e-01
   2.0000000e+00  -7.4410282e-01  -4.9547435e-01  -8.2506754e-01   1.5374593e-02  -9.8699280e-02   6.4939749e-01
   2.0000000e+00  -3.7803224e-01   1.9698883e-01  -2.7944637e-01  -5.4202771e-01  -6.7946029e-01   1.1071471e-02
   2.0000000e+00  -4.1026184e-01  -6.6242358e-01   2.2559284e+00  -1.3241032e+00   5.5217444e-01   3.4703237e-01
   2.0000000e+00   9.2659610e-01  -4.6992302e-01  -5.3028064e-01  -9.2079140e-01   1.2515616e-01   1.9929736e+00
   2.0000000e+00   1.6848635e+00   2.5526119e-01   1.9444460e+00   8.1085966e-01   5.9822786e-01  -4.0678461e-01
   1.0000000e+00   6.1786412e-01  -1.2182132e-01  -1.5206581e-01   6.7891129e-01   1.6995142e-01   7.5775849e-01
   2.0000000e+00  -8.7134748e-01  -5.0201583e-01   1.0793595e+00  -2.7591399e-01  -1.5269903e+00   1.2672763e+00
   2.0000000e+00   1.1364324e+00   2.3557822e+00   3.9196513e-01   2.7115963e+00  -2.4271729e+00   8.5173276e-01
   2.0000000e+00  -6.0197945e-01   2.0868503e+00  -4.8492505e-02   3.1915624e-01  -1.4553255e-01   1.8616794e+00
   2.0000000e+00  -1.0170026e+00   1.2652083e+00   2.9370729e-01  -6.7855355e-01  -3.9307774e-01   3.2841932e-01
   2.0000000e+00   1.2719972e+00   2.3147072e+00  -1.1538401e+00  -2.2566762e+00  -9.4127925e-01  -4.3704656e-02
   2.0000000e+00  -5.3935033e-01   6.5844542e-01   1.4249928e+00   7.3573632e-01  -5.2584320e-01   6.0149198e-01
   1.0000000e+00   7.9420310e-02   1.3226942e+00  -1.5531688e-01   6.1124890e-01  -1.2095616e+00   3.1638309e-01
   2.0000000e+00   1.1985715e+00  -7.4528918e-01  -3.3998852e-01  -1.8098213e+00  -2.3512842e-01   1.6906677e-01
   2.0000000e+00  -1.5448650e+00   1.2999085e+00  -1.9318546e-01  -9.2434182e-01   6.0159802e-01  -1.8938240e+00
   2.0000000e+00   5.1270427e-01  -1.2273121e+00   2.8611412e-01   1.5585867e+00  -1.6552276e+00  -1.1919443e+00
   2.0000000e+00  -7.0575333e-01   1.3188985e-01  -3.9871886e-01   1.5361774e+00   1.0958886e+00   2.1510295e+00
   1.0000000e+00   2.5069340e-01  -1.2020525e-01  -1.1688960e+00   2.3179440e-01   1.7757141e+00   7.5000816e-01
   2.0000000e+00   3.9225834e-02   5.6551548e-01  -1.0030824e+00  -7.7853968e-01   7.0494967e-01   1.0026919e+00
   2.0000000e+00  -1.5003240e+00  -5.1494763e-01  -6.2333266e-01   1.0828210e+00  -4.3066086e-02  -4.1090728e-01
   2.0000000e+00  -3.6638607e-01   4.4089667e-01  -7.9853397e-01  -1.4320230e-01  -7.9762262e-01   2.0509447e+00
   2.0000000e+00   1.0456246e-01   1.7536758e+00   1.6459702e+00  -1.2713339e+00  -5.2266214e-01  -1.0678896e+00
   2.0000000e+00  -1.0660849e+00  -2.8792208e-01   7.0385639e-01   1.0286522e+00  -3.4303216e-02   5.8121774e-01
   2.0000000e+00   2.6827127e-01   8.8938271e-01   7.5656003e-01   3.9916600e-01  -1.4385329e-01  -1.0305348e+00
   2.0000000e+00   1.0831828e+00   6.4517241e-01  -5.8707916e-01  -1.5329197e+00   1.5767170e+00  -5.1342647e-01
   2.0000000e+00   9.5881033e-01  -1.0740939e+00   1.4550250e+00  -8.6493808e-01   3.4466256e-01  -1.2061753e+00
   1.0000000e+00   8.2480830e-01  -7.1030845e-01  -3.4074454e-01  -6.0763040e-02  -3.7663114e-01  -3.5900530e-01
   2.0000000e+00   1.1640592e+00   8.2838697e-01  -2.5461354e-01  -1.3651333e+00  -8.9001130e-01   1.2744868e-01
   1.0000000e+00   2.7818134e-01   8.2069710e-01  -1.1343680e+00   3.5746314e-01   9.7047245e-01   2.7943200e-01
   2.0000000e+00   7.6962239e-01  -6.8527311e-01   4.4173054e-01  -9.9109845e-01  -6.3851874e-01  -6.9760825e-01
   2.0000000e+00   1.0640421e+00   1.4560256e-01   1.0815363e+00  -7.5503780e-01  -7.9483426e-01   1.2662157e+00
   2.0000000e+00  -7.1522862e-01  -3.0585334e-01  -3.6890743e-01   1.3233049e+00  -3.9049633e-01  -7.7258932e-01
   2.0000000e+00  -6.5171140e-01  -1.5359594e+00  -1.2566566e-01   7.6841374e-01   9.1022140e-01  -8.4617475e-01
   2.0000000e+00   1.9944069e+00  -2.7341252e-01  -3.6029978e-01  -1.4405699e-01  -1.7854655e+00  -3.7885344e-01
   1.0000000e+00   4.0391542e-01   2.9937981e-01  -1.4694791e+00  -1.9183617e+00  -8.1079249e-02  -2.0006054e-01
   2.0000000e+00   9.2388823e-01  -9.3633346e-01   5.3647511e-01   6.0187881e-01  -9.6364892e-01  -6.9674346e-01
   2.0000000e+00   1.3373263e+00  -7.7921526e-01   1.4025746e+00  -2.5016358e-01   2.8195807e-01  -9.6393107e-01
   1.0000000e+00   6.1386997e-01  -5.5017324e-01  -3.8066074e-01  -9.3739348e-02  -1.5387526e+00  -7.8288948e-02
   2.0000000e+00  -6.0691635e-01   5.9635944e-01   1.9846591e+00   2.4923314e-01  -3.0545528e-01  -1.2015762e+00
   2.0000000e+00  -2.7000774e-01  -1.5820803e-01  -1.8872917e+00  -1.0339888e-01  -6.1379305e-01   9.5420778e-01
   2.0000000e+00   2.3225420e+00  -6.8264610e-01  -1.4237289e+00  -8.2344860e-02   8.5919062e-01  -1.0872279e+00
   2.0000000e+00  -8.0648351e-01  -2.6187899e-01   3.6653076e-03   1.5994357e-01  -5.8633568e-02  -5.5153269e-01
   1.0000000e+00   2.7083782e-02  -5.8445356e-01   1.7158906e+00  -3.0399552e-03  -9.1842709e-01   5.9356954e-01
   1.0000000e+00   6.7458771e-01  -1.4520843e+00  -7.6753459e-01  -5.7599451e-01   9.1124688e-01   5.5357616e-01
   2.0000000e+00   9.9653327e-01  -1.2695261e-01   1.3760148e-01   1.3165259e+00  -1.4146616e-01  -1.1513577e+00
   1.0000000e+00   4.8004508e-01   6.8821144e-01   1.6216235e-01  -9.3126562e-01  -2.4983046e-01   4.8159139e-01
   2.0000000e+00  -7.6925221e-02  -5.4526002e-01   1.6520705e-02  -3.5064409e+00   1.3903097e+00  -1.5311761e+00
   2.0000000e+00   1.6887596e+00  -5.1208597e-01  -8.3728243e-01   8.7660712e-01   2.1175750e+00  -6.1014339e-02
   2.0000000e+00  -5.7271708e-01  -4.2037453e-02   7.1621024e-01   1.1700858e+00   2.6435866e-01   2.0109820e-01
   2.0000000e+00   4.5948999e-01   1.6251396e-01   1.0427210e-01  -1.0306050e-01  -4.7399919e-01  -9.7172046e-01
   2.0000000e+00  -7.7462302e-01   9.0738741e-01  -1.3374762e+00  -9.8676320e-01   4.4051440e-01  -9.8889653e-01
   1.0000000e+00   7.4421048e-02   6.3119714e-01  -7.1489120e-01   3.5393838e-01   1.3219154e+00   4.1998001e-01
   2.0000000e+00  -6.7249657e-01  -3.7676763e-01   1.6099587e+00   1.1248537e+00   7.2630926e-01  -1.0821602e+00
   2.0000000e+00   1.9575477e+00   1.5314590e+00   2.6082015e-01   2.3199583e-01   1.0911058e+00  -2.7120011e-01
   2.0000000e+00   1.3184802e+00  -1.1375713e+00   5.8847305e-01  -1.5641382e+00  -6.5947255e-01   4.0076081e-01
   2.0000000e+00   1.9429566e+00   3.8524749e-01  -8.5474195e-01   8.6362689e-01   2.1055969e+00  -3.6322087e-01
   2.0000000e+00  -1.2020292e-01  -7.8784398e-01  -7.9250703e-01  -9.8589216e-01  -2.9261557e+00  -1.9083156e+00
   2.0000000e+00  -1.3748880e+00   2.3475173e-01   1.3693475e+00   1.4063266e-01  -1.6978513e-01   1.8744702e+00
   2.0000000e+00  -3.6772757e-02  -3.1867259e-01   7.3807676e-01  -1.5565015e-01  -4.0229132e-01  -1.6091924e+00
   1.0000000e+00   8.2784233e-02  -8.9172199e-01  -9.2533362e-01  -4.7191156e-01  -7.7690731e-01  -1.6359306e-01
   2.0000000e+00  -9.1092790e-01  -1.2085505e+00  -1.0684661e+00  -5.9015921e-01   8.0750305e-02   6.0382478e-01
   2.0000000e+00  -1.1804369e+00   6.7525003e-01   5.6495614e-01  -7.7805210e-02  -1.2835344e-01  -1.6549302e+00
   2.0000000e+00  -1.2738459e-01  -3.6247517e-01   9.2031158e-01   4.9588685e-01   3.6455123e-01   4.4625663e-01
   2.0000000e+00   1.8743319e-01   3.7530497e-02  -1.1826101e-01   4.4901478e-02   5.7683666e-01   1.5667213e+00
   2.0000000e+00   1.0596508e+00  -5.8328481e-01  -7.1542631e-01  -5.5434491e-01   1.4198532e+00  -4.5586117e-01
   1.0000000e+00   4.7227253e-01  -1.2906322e+00   2.6880913e-02  -7.2432922e-01  -1.0168834e+00  -3.1801835e-02
   2.0000000e+00  -1.5656807e+00   1.6979841e+00  -1.9814342e+00  -5.9962810e-01   2.8228358e-01  -5.3112091e-01
   2.0000000e+00   1.5200490e-01  -5.0558247e-01   1.4098310e+00  -3.0147692e+00  -1.1744834e+00  -1.9186908e+00
   2.0000000e+00  -1.0425642e+00   1.1274199e+00   7.6682745e-01   2.4226725e+00   5.8717512e-01   2.1169828e-01
   2.0000000e+00   7.3073397e-01  -3.8032823e-01  -1.6187160e+00   7.6496664e-01  -1.0536998e+00   1.0290642e+00
   2.0000000e+00  -6.6723727e-01  -7.1432318e-01  -2.0337283e-01   6.4681705e-01  -6.8915137e-01   6.5912172e-01
   2.0000000e+00  -8.7660007e-01   2.4589054e+00  -1.2832900e+00   9.1255541e-03   4.0770564e-01  -1.0047554e+00
   2.0000000e+00  -1.4517002e-01   1.3539026e+00  -8.3413004e-01   1.1111265e+00   4.2617379e-01  -2.2298276e-01
   2.0000000e+00   1.5970226e+00   4.6723216e-01  -1.0160309e+00  -9.4510784e-01  -2.2037747e-01   2.0125035e+00
   1.0000000e+00   7.4269307e-01   3.6642617e-01   9.1055723e-01   8.1764123e-01   1.9341770e+00   5.0752270e-01
   2.0000000e+00  -1.5076721e+00  -4.9880371e-01   9.8093425e-01   1.2170396e+00   1.5379160e-01   1.4917920e+00
   2.0000000e+00   1.3518851e+00  -1.9522449e+00   3.4468478e+00  -1.1105102e+00   4.8750491e-01   9.0326608e-01
   2.0000000e+00  -1.8932650e+00  -1.0235486e+00   1.5542630e-01   8.8921403e-01  -4.6802372e-01  -9.6811815e-01
   2.0000000e+00   1.0651254e+00   3.4987934e-01  -1.3953522e+00  -1.6541936e+00  -1.0299705e+00   2.0493669e-01
   2.0000000e+00   1.3441195e+00  -1.0680674e+00  -1.2837373e+00  -1.3602538e+00  -1.7942032e+00   4.2143911e-01
   1.0000000e+00   1.9284390e-01   1.2560650e-01  -6.8722787e-02   1.0408627e+00   5.7981298e-01   1.4704927e-01
   2.0000000e+00   5.1874660e-01  -5.0746984e-01  -9.2533499e-01   9.6270626e-01   1.3836138e+00   1.2108495e+00
   2.0000000e+00   3.7433607e-01   2.5913266e-01  -1.0269135e+00   1.5534997e+00   9.2866216e-01   1.3818001e+00
   2.0000000e+00   1.9325651e+00  -1.0495341e+00  -1.2743013e-01   1.1684406e+00   5.2274414e-01   6.2695457e-01
   2.0000000e+00  -1.2027943e-01   4.9372234e-01  -1.8851045e-01   3.8255397e-02   2.1649555e+00   3.6065385e-01
   2.0000000e+00  -3.7292163e-01   3.0552559e-01   1.9104110e+00  -3.9998759e-01  -9.7588896e-01  -7.7536270e-01
   2.0000000e+00   1.0021533e+00  -1.8378578e+00   1.3354111e+00   6.7581107e-02  -9.5178078e-01  -1.5791077e+00
   2.0000000e+00  -8.6901368e-01  -1.4315266e+00  -2.1843818e-01  -7.9094488e-03  -1.3428614e+00  -1.2556853e+00
   1.0000000e+00   8.8920657e-01   1.0726975e-01   1.4618287e+00  -1.0212731e+00   8.9050616e-01  -3.2425279e-01
   1.0000000e+00   1.6597268e-01  -2.5460741e-01  -4.8056656e-01   1.4080553e-01  -9.7965805e-01  -3.3768033e-01
   1.0000000e+00   2.5516646e-01  -2.2365034e+00  -1.1326562e-01  -1.3628612e-01  -1.1729200e+00  -4.0738929e-02
   2.0000000e+00   8.5227559e-01  -3.4390172e-01  -1.2376323e+00   3.0553781e-01   5.7461417e-01   1.4089806e+00
   1.0000000e+00   2.6689718e-01  -2.5282845e-01   7.3467183e-01  -4.7401196e-01  -8.4108332e-01   2.4345782e-01
   2.0000000e+00   2.7679702e+00  -7.1115360e-01  -9.6627302e-01   1.1570271e-01  -8.1454627e-01  -5.3999201e-01
   2.0000000e+00  -1.1354971e-01   1.6550759e+00   6.3418668e-01  -3.2227387e-01   9.8227123e-01   4.1307073e-01
   1.0000000e+00   6.3978483e-02   2.3101154e-01  -7.0363667e-01   2.3260908e-01  -1.8846585e+00  -7.6166572e-01
   2.0000000e+00   1.5915960e+00  -7.1293160e-01  -1.0482010e+00   1.6957468e-01  -1.2632685e+00   7.6033865e-02
   1.0000000e+00   6.1964210e-01   1.8678649e-01  -6.3217581e-01   1.5524798e+00  -1.2139741e-01  -3.3836774e-01
   2.0000000e+00  -4.2645573e-01  -9.0019319e-01   6.4826230e-01   1.3531038e+00   8.8796616e-01   6.4259793e-02
   2.0000000e+00  -2.2498318e-01  -9.2038524e-01  -6.7066581e-01  -6.0919379e-02   1.1050682e+00   2.2586475e+00
   2.0000000e+00  -1.1973500e+00  -8.0189416e-01  -1.2975749e+00   1.0991079e+00  -1.4311342e+00   7.6553203e-01
   2.0000000e+00   1.8984413e-01  -2.5735612e-01  -2.2739415e+00  -3.9672362e-01   2.9652440e-01   8.8393376e-01
   2.0000000e+00  -6.5501154e-01   3.5244353e-01   1.2420529e+00   1.7876202e-02  -5.8288357e-01   4.1275343e-01
   2.0000000e+00   8.8287950e-01  -1.5443499e+00   1.1698041e+00   1.2691058e+00  -2.2912206e-01  -2.2560508e+00
   2.0000000e+00   1.0876948e+00   1.8843907e+00   7.2738950e-01   7.9480062e-01   8.5190677e-01  -1.8135663e-01
   2.0000000e+00  -2.1360146e-01  -1.7325939e-01   3.1201470e-01  -1.6823607e+00   8.7200301e-01   2.5698403e-01
   2.0000000e+00  -3.3619769e-01   5.8377684e-01  -4.9425982e-01   8.8690332e-03   3.2920301e-01  -1.3190711e+00
   1.0000000e+00   3.0534570e-01   2.5835432e+00   2.5878860e-01  -2.3560353e-01  -1.1488084e+00  -6.6281750e-01
   2.0000000e+00  -1.6135060e+00  -3.1493202e+00   1.2177420e+00  -3.1478822e-01  -2.6374281e-01   6.9612910e-01
   2.0000000e+00  -1.6260339e-01  -1.0688351e+00  -4.6682584e-01   1.0957677e+00  -1.0059680e+00   2.9305162e-01
   2.0000000e+00   5.2181563e-01   7.4219515e-01  -1.0996245e+00   1.3666146e+00  -1.1286638e+00   2.0361223e+00
   2.0000000e+00   1.5908613e-01  -1.8457715e+00   1.5767740e+00  -3.3651740e-01  -5.8541147e-01  -1.3803917e+00
   2.0000000e+00  -1.0783062e+00  -6.5789322e-02   1.5805251e-03  -1.2635657e-01   1.6154938e-01  -1.5169892e+00
   2.0000000e+00  -2.2017808e+00   1.1693777e+00  -4.8941912e-01  -1.0010666e+00   9.2054366e-01  -5.0941644e-01
   2.0000000e+00   1.1274459e+00  -8.3841252e-01   8.4906008e-02  -1.1905587e+00   7.5090939e-01   3.1913252e-02
   2.0000000e+00   1.3016451e+00   7.3863473e-01  -1.9103905e-01  -2.4664048e-01  -7.7940809e-01   1.2092449e+00
   1.0000000e+00   4.9040372e-01   6.3809241e-01  -8.8747083e-01   1.0198611e+00   5.2902219e-01  -1.2866101e-01
   2.0000000e+00   1.5004712e+00   1.5137546e+00   5.1738205e-01  -1.2810260e+00  -1.2349814e+00  -2.2011698e-01
   2.0000000e+00   8.5833298e-01  -5.8860320e-01  -1.3049434e+00   6.2154124e-01   3.9546684e-02   7.2950616e-01
   2.0000000e+00  -1.6519223e+00   1.1235053e+00   5.4143544e-01  -3.0553300e+00  -5.1263146e-03   4.3483437e-01
   2.0000000e+00  -7.1274297e-01   3.3272170e-01  -9.9226465e-01  -6.2458873e-01  -1.0580812e+00   1.1532270e+00
   2.0000000e+00   1.4217739e+00  -2.4301592e-01  -4.5552703e-01   1.2554363e+00   2.4850365e-01   2.5657279e-01
   2.0000000e+00   1.4786891e+00   1.5460904e+00   4.2133505e-01  -4.1713899e-02  -1.3705313e+00  -2.4618500e-01
   2.0000000e+00  -5.6114299e-01   2.5702990e-01  -8.5045673e-01  -1.3871360e+00  -1.4428331e+00   3.1105921e-01
   2.0000000e+00   1.6164081e-01  -2.0057218e+00  -2.5322033e+00   8.1521207e-01   4.4359452e-01  -9.1264623e-01
   2.0000000e+00  -1.0110199e+00  -1.2407270e+00  -1.3426891e+00  -4.4473957e-01   1.0819885e+00  -8.7577632e-01
   2.0000000e+00  -1.2001062e-01   7.2543380e-01  -8.9677878e-01   1.3625794e+00   1.5328392e+00  -1.7428707e+00
   2.0000000e+00  -1.8579723e+00  -1.0455754e+00  -2.0146204e+00  -9.5007468e-01   1.4107167e+00   9.5491335e-01
   2.0000000e+00  -1.1119295e+00  -4.7834332e-01   5.8009615e-01  -8.1037861e-01  -9.2335522e-01   7.8236445e-01
   2.0000000e+00   1.6599667e+00   2.9406365e-01  -9.1043107e-01  -1.9468626e+00   1.4660427e+00  -2.5237479e-01
   1.0000000e+00   8.2784643e-01   1.6105261e+00  -2.8189090e-01   2.5611806e+00   2.8174506e+00  -1.7519709e-01
   2.0000000e+00   7.3950384e-01   1.0661453e+00   8.5230312e-01  -1.3753822e+00   5.1379545e-01   1.9510567e+00
   2.0000000e+00   5.2459541e-01  -5.7951364e-01  -1.1459665e+00   4.8321666e-01   9.3922460e-01  -1.9009104e+00
   1.0000000e+00   7.4217859e-01  -3.9894693e-01   8.9182833e-01  -1.6396358e+00  -1.2606661e+00   6.0518043e-02
   2.0000000e+00  -2.4709124e-02  -4.7585733e-01  -2.1539064e-01   1.2396469e+00   1.7956919e-01   6.7016292e-01
   2.0000000e+00   7.2083083e-01   1.1614581e+00  -1.1808018e+00  -5.3062628e-02   2.0968022e-01   1.2614454e+00
   2.0000000e+00   8.5152025e-01  -6.6486347e-01   8.1059465e-01  -1.1747117e+00   1.1374912e+00   8.0339954e-01
   2.0000000e+00  -4.7088378e-01  -8.5073068e-01  -3.2578092e-02  -9.5752999e-01  -1.3020714e+00   1.1532422e+00
   1.0000000e+00   8.4152611e-01  -2.2586283e-01   7.2433130e-01   2.9778924e-01   1.6582321e+00  -4.4106300e-01
   2.0000000e+00   6.8197420e-01  -3.2293284e-01   9.7528998e-01   3.6432406e-01   2.1307886e+00   1.0431162e+00
   2.0000000e+00  -4.3653190e-01   3.6514012e-01  -7.4093738e-01  -2.6999369e-02  -9.0658869e-01   6.5071842e-01
   2.0000000e+00  -2.8397166e-01   4.5879888e-01   4.7054827e-01   8.1128165e-01   2.2957319e+00  -5.0820750e-01
   1.0000000e+00   2.7467296e-01   1.0561074e+00   3.4950976e-01   1.1901132e+00   9.3855538e-01   2.6028343e-01
   2.0000000e+00   1.5663533e+00   3.4513257e-01  -2.7717209e+00   3.8576408e-01   5.6539293e-01  -2.6585690e-01
   2.0000000e+00  -1.3140455e+00  -2.7045137e-01  -1.2802570e+00  -4.7908499e-01   1.1940512e+00   3.7324242e-01
   2.0000000e+00  -2.5905125e-01   4.7804636e-01  -2.8362691e-01   5.0602226e-01   5.2803124e-01   6.7997049e-01
   2.0000000e+00   1.6121412e+00   2.4530012e+00  -4.1819292e-01   1.8108558e+00  -1.2794400e+00   6.8310388e-01
   2.0000000e+00  -1.6408478e-01  -7.0015535e-01  -1.7169694e+00  -1.5094242e+00   9.8043468e-01  -2.9096921e-01
   2.0000000e+00  -1.3030361e+00  -1.8947574e-01  -3.8270146e-01  -1.6681697e+00   2.0757212e-01   1.2429113e+00
   2.0000000e+00  -1.5191355e-01  -5.0211959e-01   3.8620678e-01  -1.1603428e+00  -1.4547133e-01   8.3297628e-02
   1.0000000e+00   3.4100810e-01  -6.3989589e-01  -1.7221437e+00  -1.3281396e+00  -1.3517463e+00   4.7504948e-01
   2.0000000e+00   2.7126061e-01   1.4887604e+00   9.3940297e-01  -1.5115242e+00  -2.5213954e-01  -9.9853445e-01
   2.0000000e+00   4.3935711e-01   1.3251075e-01   3.7287847e-01  -5.3513498e-01   3.3023546e-01  -1.5615592e+00
   2.0000000e+00  -6.4734408e-01   1.6414060e+00   1.3650967e+00   5.0221684e-01   1.0183824e+00  -1.0400508e+00
   2.0000000e+00   7.4549739e-01   1.4259856e-01   4.1995071e-01  -3.9415468e-01   1.0819262e-01   7.5700785e-01
   2.0000000e+00  -4.6073978e-01  -5.5572803e-01  -1.8776435e+00  -1.1825107e+00  -1.0596680e+00   4.7134834e-01
   1.0000000e+00   1.8977962e-01  -1.6847351e+00  -4.6186713e-02   8.0716154e-02  -3.8400510e-01   2.6078848e-01
   2.0000000e+00  -1.4008891e-01  -3.4763663e-01  -1.2647328e+00  -6.4699231e-02  -9.1773423e-03   9.2905372e-01
   2.0000000e+00  -7.9416547e-01  -6.2455745e-01  -6.2777785e-01   1.1647498e-01  -3.0719720e-01   6.9918654e-01
   2.0000000e+00  -9.9745221e-01  -2.6172876e+00  -3.3982884e-01   9.6170485e-01  -1.8279614e-01   9.0233173e-01
   2.0000000e+00  -2.5318034e+00  -7.9236377e-01   1.3461813e-01  -8.8201324e-01  -1.1407450e+00  -1.3352641e+00
   2.0000000e+00   5.2387020e-01   4.9676794e-01   2.2591290e+00   2.3587763e-01  -9.2067060e-01   1.2972268e+00
   2.0000000e+00  -3.0830913e+00   3.6621667e-01   3.1606640e-01  -1.7815849e+00   2.6100403e-01  -1.8759798e+00
   2.0000000e+00  -4.0357880e-01   1.6897358e+00  -1.1987298e-01  -6.1913455e-01  -6.6460670e-01  -1.1740186e-01
   2.0000000e+00   1.8917633e+00  -2.1089903e-01   8.2802914e-01  -8.6285540e-01   5.8137069e-01   1.6766799e+00
   2.0000000e+00  -3.5431376e+00  -7.0598453e-02  -9.5554533e-01   1.1568998e+00   2.1803693e+00   8.4507227e-01
   2.0000000e+00  -4.1212239e-01   1.3739992e+00  -6.2152254e-01  -5.5426467e-01  -1.7017324e+00  -8.0929577e-01
   1.0000000e+00   5.8845548e-01   7.6584714e-01   8.4460022e-02   1.5778425e-01  -6.6608200e-01  -1.3976196e-01
   2.0000000e+00  -3.4331614e-01   2.8524203e-01   1.8012195e+00  -1.2491288e+00   5.2800580e-01   2.8302366e-01
   2.0000000e+00  -1.0365533e+00   2.0635599e-01  -2.3797900e+00   1.1516215e+00  -1.2628768e+00   1.4576688e+00
   2.0000000e+00  -2.4496254e-01  -1.1666843e+00  -2.5552603e-01   4.4084776e-02   1.7519763e+00   2.0340549e-01
   2.0000000e+00   1.2258395e+00   1.9762138e-01  -4.6912553e-02   4.9972734e-01   1.2243896e+00   1.2126737e+00
   1.0000000e+00   1.2818367e-01  -2.0124263e+00   1.0352738e+00   1.0421578e+00   8.6499433e-01   6.5387293e-01
   2.0000000e+00   7.1119645e-01   1.2276425e-01  -6.1294244e-01   9.1366050e-01  -2.4801992e-02   1.0118239e+00
   1.0000000e+00   3.6710738e-01  -3.6640860e-01   1.2227105e+00  -2.2864236e+00  -2.3846298e-02   3.0353811e-01
   2.0000000e+00  -9.0257418e-01  -5.6361216e-01  -2.6301137e-01  -7.6820442e-01   8.5586817e-01   1.5186486e+00
   2.0000000e+00  -2.1528244e-01   4.6546176e-01  -1.2512425e+00  -9.4458326e-01   9.6473360e-01  -9.9502060e-01
   2.0000000e+00   3.7552045e-01   1.2147463e+00  -1.7900907e+00   2.0371047e+00   1.9903405e+00   1.5174385e+00
   2.0000000e+00   2.6556060e+00  -4.6769528e-01  -2.8491845e-01  -2.1706805e+00  -5.7705712e-01   1.2019362e+00
   2.0000000e+00  -9.6991696e-02  -4.6267860e-01  -2.0724737e+00  -5.8510328e-01  -2.1698218e-01   1.3476637e+00
   1.0000000e+00   2.6154138e-01   1.3508656e+00  -5.9886664e-01  -5.2068883e-01   1.6355596e+00   3.7181476e-01
   2.0000000e+00   2.1805557e+00   3.7914706e-01   3.1618509e-01   1.5832277e+00   1.0251723e+00   1.1446810e+00
   2.0000000e+00  -5.2017136e-01  -7.4321736e-01   1.0171047e+00  -3.2809038e-02  -1.0946734e+00   1.1298237e+00
   2.0000000e+00  -1.1726304e-01  -1.2542668e+00  -1.0597274e+00   1.0594671e+00   1.5503545e-01   6.5745815e-01
   2.0000000e+00  -2.4835498e-01   7.3625626e-01  -6.8901527e-01  -2.6341620e-01   4.8014826e-01  -1.1186249e+00
   2.0000000e+00   1.4864585e+00   7.9495764e-01  -8.9534777e-01  -8.2289860e-01   3.0279735e-01  -8.6618437e-01
   2.0000000e+00  -1.6887900e+00   2.2158588e-01  -1.7565937e+00   8.8826286e-01   4.6912000e-01   7.7597052e-01
   2.0000000e+00  -4.9923591e-01   1.1839030e+00   4.6007838e-01  -2.1482839e-01  -6.2922392e-01  -2.1295626e+00
   2.0000000e+00   1.0185682e+00  -7.9128415e-01   2.4285545e+00   1.2144530e+00   1.0801611e+00   6.8069957e-01
   2.0000000e+00   9.0924296e-01   1.5135775e+00   6.5676427e-01   2.1707464e+00   3.6967932e-01   1.4182198e+00
   2.0000000e+00  -1.1538620e+00   4.2772517e-01  -1.5108940e+00  -4.4208743e-01  -1.2604140e-01   3.1559914e-01
   2.0000000e+00  -1.7146157e+00   4.8969170e-01   9.1642827e-01   1.1216001e+00  -2.2664207e-01   1.5150740e+00
   2.0000000e+00   1.5690590e+00  -7.5870842e-01   5.1622746e-01  -1.6132331e+00   2.7778253e+00   2.0304627e+00
   2.0000000e+00   8.0766512e-01   8.4736137e-01   3.4164428e-01  -5.7597613e-01  -4.6108510e-01   2.7279486e+00
   2.0000000e+00   2.8229162e-01  -1.2682485e-01   3.1011672e-01  -2.7095830e-01   1.0854627e-01  -9.7625087e-01
   2.0000000e+00  -5.1499620e-01   5.6209756e-01   1.2641912e+00  -5.8154017e-01   5.6266915e-02   1.9623544e+00
   2.0000000e+00   1.3604623e+00  -4.0109274e-01  -1.3334879e-01  -4.8737880e-01   1.3508705e+00  -9.9704870e-01
   2.0000000e+00  -9.1658732e-01  -1.3148858e+00   1.6288976e+00   1.2719001e+00  -3.0786463e+00  -1.1099050e+00
   1.0000000e+00   7.4101674e-01   5.4414643e-01   1.5550140e-01   4.9654146e-01   1.2675817e+00  -6.1605951e-01
   2.0000000e+00   9.8973873e-01   1.2626681e+00   1.0128771e+00   5.6129694e-01  -1.5123612e+00  -4.0272624e-01
   2.0000000e+00  -2.2128454e-01  -1.5347416e+00  -1.0555499e+00  -5.7928590e-01   1.8110942e+00  -1.2008784e+00
   2.0000000e+00  -5.1153948e-01   1.1764667e+00   1.3478564e+00   8.6690208e-01   1.2840139e+00   3.5193332e-01
   2.0000000e+00  -2.7829140e-02   1.9868103e+00   3.9967942e-01  -1.0444986e-01   4.1469027e-01   1.7598009e+00
   2.0000000e+00   9.4181382e-01  -1.0164648e+00  -9.4442310e-01   6.7881491e-02   1.0480489e+00   3.9277874e-01
   1.0000000e+00   1.5967176e-01  -8.6196390e-01   4.9817202e-01   9.1024778e-01  -6.2454967e-02  -7.6344440e-01
   2.0000000e+00   9.8565552e-01  -8.9041509e-01   2.5272153e+00   2.7750353e-01   1.0437580e+00   4.6197063e-02
   2.0000000e+00  -3.7643091e-01  -1.5361231e+00   4.4989544e-01  -9.4063644e-01  -3.9304943e-01  -8.0071338e-01
   2.0000000e+00   1.0641745e+00  -1.8795768e+00  -4.1851628e-01  -1.8789700e-01   6.9500181e-01   4.0387783e-01
   2.0000000e+00  -6.5918342e-01   1.3456828e+00  -6.8224802e-01   1.7141931e+00  -1.4893209e-01  -1.4068015e+00
   2.0000000e+00  -1.8025391e-01   5.0571089e-01  -2.4540325e-01  -9.6241644e-01  -6.1012513e-01  -6.0432758e-01
   2.0000000e+00  -4.3307653e-01  -3.4519250e+00   1.5855146e+00   3.0692117e-01   1.1319446e+00   3.6564685e-01
   2.0000000e+00   1.2576265e+00   4.1310695e-01   4.4770742e-01  -3.5360691e-01   1.3917205e+00  -1.0248679e+00
   2.0000000e+00  -1.7115066e-01   1.6985741e+00   9.9185630e-01  -9.1997110e-01  -7.7610425e-01   7.5876338e-01
   1.0000000e+00   2.9336153e-01   1.7000734e+00   8.1910618e-02  -6.0983880e-02  -4.0812120e-01   6.0895374e-01
   2.0000000e+00   5.2197026e-01  -9.1723789e-01   9.0984176e-01   3.3262835e-02  -2.0495231e+00   1.5539781e+00
   2.0000000e+00   3.6559429e-01  -5.0432299e-01   1.5543608e+00   1.4564386e+00  -5.8683116e-01   1.6537725e+00
   2.0000000e+00   1.0822322e+00   4.0340013e-02   1.1818805e+00   5.9567115e-01  -1.1048653e-01   1.3401350e+00
   2.0000000e+00   1.1205307e+00   6.0600340e-01  -1.0332194e+00  -2.6184254e-01   2.5343942e-01   1.0311438e-01
   1.0000000e+00   4.1589786e-01  -3.1839426e-01  -1.1289655e-01  -8.2833086e-01  -4.4436562e-01   5.8641749e-01
   2.0000000e+00   4.5675847e-01   1.3662150e+00  -7.9676737e-01   4.5483954e-01   1.2989065e+00  -1.1073405e+00
   2.0000000e+00  -1.6033991e+00   5.1054566e-01  -7.3179674e-01  -1.8990940e+00   4.6456778e-02  -3.5451150e-01
   2.0000000e+00   2.3491640e+00   6.9474252e-01   7.8444877e-01  -1.1653718e+00   2.0105650e-01   6.7232769e-01
   2.0000000e+00  -5.6157072e-01  -7.8052204e-01   5.5536225e-01  -9.9515039e-02   8.8055868e-01   7.1734434e-01
   1.0000000e+00   6.9838606e-01   1.2253975e-01  -4.7554040e-01  -4.0166249e-01  -3.2240606e-01   1.8581319e-01
   2.0000000e+00  -3.7898534e-02  -8.8638033e-01  -4.6721307e-01  -9.4703879e-02   1.8216982e+00   8.9226690e-01
   2.0000000e+00   1.8942459e+00   9.1940498e-01  -7.4092393e-01  -4.3782153e-01   8.6896462e-01   1.1954233e+00
   2.0000000e+00  -1.7287670e-02   2.8896653e-02  -1.3676287e+00   3.5540721e-01   4.6146535e-01  -8.8564240e-01
   2.0000000e+00   1.6300966e+00  -8.6089631e-01   1.9155264e+00   7.6454400e-01  -1.6321479e-01   3.0162770e-01
   1.0000000e+00   2.7984750e-01  -3.8101609e-02   5.5866889e-01   6.8479081e-01   1.2215589e+00   5.0511662e-02
   1.0000000e+00   4.4431211e-01  -1.1031083e+00   7.6854327e-02  -8.9889647e-01   2.4619301e-01  -1.0935132e-01
   2.0000000e+00  -2.2675693e-01  -7.8496504e-01  -5.2425903e-01  -8.4199694e-02   8.2650751e-02  -1.2809290e+00
   2.0000000e+00   1.3869947e+00   4.4442589e-01  -4.6458084e-01  -2.2909160e+00   3.8462351e-01   8.5341587e-01
   2.0000000e+00   7.6895104e-01  -1.1843684e+00   1.8370563e+00  -3.5556555e-01   1.0581508e+00  -9.2356142e-01
   2.0000000e+00   1.1184626e+00   5.0193946e-01   3.2151457e-01   9.8517475e-01   1.9021037e+00   9.7975220e-01
   2.0000000e+00   1.5063422e+00  -9.7776613e-01  -6.5593275e-01   5.5908579e-01   1.3197901e-01  -1.3312449e+00
   2.0000000e+00   1.0722453e+00  -2.2619997e-01   1.2214129e+00  -1.0491012e-01   6.8208712e-01   1.5768881e-01
   2.0000000e+00  -4.0827608e-02   2.3931239e-01   1.4746487e+00  -7.0786500e-01  -1.5444456e+00  -8.2669213e-01
   2.0000000e+00  -1.6474445e+00   6.2918830e-01   9.5916441e-01  -4.0790759e-01  -7.6349872e-01   5.5901775e-01
   2.0000000e+00   1.1148894e+00   1.0572021e+00  -9.8695163e-01  -2.6981154e-02  -1.8472038e+00   8.4246643e-01
   2.0000000e+00   1.1424261e+00  -3.1904780e-01  -8.4486051e-01  -1.0817172e+00  -7.8987834e-01  -3.2654916e-01
   2.0000000e+00  -1.0563149e-02   1.6280565e-01   6.4515241e-01  -1.1613163e+00   3.8041957e-01  -4.3572339e-01
   2.0000000e+00  -1.7664680e+00  -6.5836614e-01   5.6117510e-01  -6.1145334e-01  -1.1907387e+00  -5.4968988e-01
   1.0000000e+00   3.4541338e-01  -2.6673407e-01  -5.7673195e-01  -1.3672248e-01   7.2096311e-02   2.8043787e-01
   2.0000000e+00  -1.3434524e-01  -5.7738401e-01   9.5288467e-01  -2.0640435e-01   4.2483073e-03  -3.5159959e-01
   1.0000000e+00   6.5499455e-01   5.6319834e-01  -2.0702623e-01  -4.2884874e-01  -6.7664684e-01   1.0147631e-01
   2.0000000e+00   1.1279876e+00   1.4293563e+00  -1.4878400e+00   3.5817122e-01   4.8430641e-02  -9.5575257e-02
   2.0000000e+00  -1.4083482e+00  -7.6376068e-02  -1.5638464e+00  -1.0665349e+00   8.8874315e-01  -1.2180668e+00
   2.0000000e+00  -1.4603116e+00   1.1632860e+00   2.2378824e-01  -2.0002709e-01  -1.9847898e+00  -7.4579101e-01
   2.0000000e+00  -1.0065419e+00  -2.1470244e-01   1.8187910e-01   4.6564438e-01   3.6042887e-02  -9.0248244e-01
   2.0000000e+00   8.2307502e-01   4.3441086e-01  -8.6268708e-01  -4.8293496e-01   1.0225238e+00   1.8738820e+00
   2.0000000e+00  -1.6167394e+00  -8.0409583e-01  -8.0304700e-01  -6.3515825e-01   5.2982856e-03   3.4617153e-01
   2.0000000e+00   2.1419268e+00   3.1844483e-01  -4.6178462e-01  -4.8588139e-02  -1.4770165e-01   9.5171256e-01
   1.0000000e+00   3.9998275e-01   4.9606561e-01   6.2581764e-01   1.7502966e+00   1.1606729e+00   8.7582438e-01
   2.0000000e+00   1.3562728e+00   2.3653670e-01   7.4324614e-01  -1.1738432e+00  -6.0235641e-01   2.0704350e-01
   2.0000000e+00  -1.1814853e+00  -1.9154276e+00   1.9029899e-01  -6.6803709e-01  -4.1079051e-01  -1.5345017e+00
   2.0000000e+00  -4.1330076e-01   5.3529250e-02  -2.6332393e-01  -9.6985631e-01  -1.2787936e-01   5.8047901e-01
   1.0000000e+00   8.0981710e-02   2.9993223e-01   5.4524303e-01   6.4546060e-01  -1.7682974e+00   8.1595257e-01
   1.0000000e+00   3.9485081e-01   7.6838016e-02  -1.2703603e+00  -1.3333292e+00  -1.6070097e+00  -2.6877473e-01
   2.0000000e+00  -1.5000787e-01   3.2723228e-01  -1.7422325e-01  -9.8112984e-01   1.8183023e+00   5.4302342e-01
   2.0000000e+00  -5.2951819e-02   4.5308667e-01   6.7317421e-01  -6.0273921e-01  -1.6241408e-01   1.2574304e+00
   2.0000000e+00   7.8613629e-01  -2.2978639e+00   5.3911779e-01   1.2790851e+00  -1.9268254e-01  -1.0716525e+00
   2.0000000e+00  -2.3206878e-01  -4.9283433e-01  -2.4789540e-01  -4.3381269e-01  -6.6389048e-01   2.0626309e-02
   1.0000000e+00   7.5406282e-01  -4.1387656e-02   8.3741901e-01   9.9516947e-01   1.1214675e+00   5.1240810e-01
   2.0000000e+00  -1.0269328e+00  -1.3041043e+00   7.2732851e-01   8.3998469e-01   6.6866553e-01  -1.6728617e-01
   2.0000000e+00   1.2762086e+00  -5.9040926e-01   1.5147757e+00  -7.0236735e-01   7.4119033e-01  -9.4309241e-01
   2.0000000e+00  -7.9984351e-02  -6.6344523e-01  -2.8436129e+00  -3.2575776e-01   4.6886681e-01   1.2078467e+00
   2.0000000e+00   1.6694026e-01   2.7971932e-01  -7.8769548e-01  -5.0557873e-01   1.1540211e+00  -1.0830174e+00
   2.0000000e+00  -6.1642494e-02  -8.9570869e-01  -4.2746456e-01  -1.1935170e+00  -7.3426169e-01   1.6530297e-01
   2.0000000e+00  -7.1711492e-01   4.7797324e-01  -1.3424898e+00   1.2513203e+00   1.1745445e+00  -3.6297394e-01
   1.0000000e+00   1.6513371e-01  -4.5973459e-01   3.5733696e-01  -1.7471698e-01   9.4643823e-02   8.1456503e-02
   2.0000000e+00  -1.1863599e+00  -9.1268200e-01   1.2707081e-01  -8.4909525e-01  -1.8530896e+00   8.8095213e-01
   2.0000000e+00   1.1480251e+00   5.5873331e-01   5.1982543e-01  -6.2396402e-02   1.5520859e-01   1.6419216e+00
   2.0000000e+00  -2.0904398e-01   4.8956775e-01   1.0452424e+00   1.1257595e+00   2.7071884e-01   2.9259474e-01
   2.0000000e+00   9.7756304e-01  -7.0571338e-01   1.1983777e+00  -4.6214049e-01   1.6303224e+00   3.8505955e-01
   2.0000000e+00   3.9235217e-01  -7.6037807e-01  -7.2080019e-01  -6.5357932e-01   2.8801605e-01  -1.1128647e+00
   2.0000000e+00  -4.9315109e-02  -9.3743227e-01  -4.6444860e-02  -2.2051180e+00   3.2386525e-02  -3.6185745e-01
   1.0000000e+00   2.8577023e-01   8.2439776e-03   3.9933444e-01   1.7606347e+00   1.0909003e-01  -2.8498299e-01
   1.0000000e+00   2.1946956e-01  -2.0854820e+00   9.1727491e-01  -6.4102531e-01  -1.4098548e+00  -4.3077465e-01
   2.0000000e+00   8.1578088e-01  -1.4874332e-02  -2.4295730e-01   7.3629582e-01   1.2431172e+00   1.0890263e+00
   2.0000000e+00  -8.0438323e-02   7.3258047e-01   1.8003328e-01  -2.3485450e+00  -3.8393726e-01   1.5599016e+00
   2.0000000e+00  -2.0657632e+00   1.8497211e+00   4.6264188e-01  -1.1418320e+00  -9.5437688e-01  -5.8273145e-02
   2.0000000e+00  -1.3101822e+00   8.6398042e-01  -1.4757597e+00  -7.2186935e-02  -1.3567796e+00  -2.3133953e-01
   2.0000000e+00  -4.8975458e-01   7.5538964e-01   1.3067637e-01   4.3021918e-01   1.5421189e+00   4.0337248e-01
   2.0000000e+00  -2.0398885e-01  -3.7510898e-01   4.5623473e-01   1.4976891e-03  -2.2313769e-01  -6.8869560e-01
   2.0000000e+00  -9.9819152e-01  -3.5482977e-01   1.1016802e+00  -1.3309785e+00  -5.6162272e-01  -9.2121176e-01
   1.0000000e+00   8.2576061e-01   1.5157680e+00  -6.5370955e-01  -1.2157519e+00   1.6258176e+00   5.7838564e-04
   2.0000000e+00  -3.7344940e+00  -8.1465070e-01   3.4733652e-01   4.6600848e-01   1.6426245e+00  -3.3308659e-01
   1.0000000e+00   3.6866030e-01   1.6275331e-02  -7.6191390e-01  -1.0032099e+00  -9.6739175e-01  -3.4814849e-01
   1.0000000e+00   1.6405058e-01   4.3623804e-01  -4.7801732e-01  -1.3087515e+00   5.4850541e-02  -7.0177608e-01
   2.0000000e+00  -9.7144071e-01   1.8926995e+00  -1.0465695e+00   1.5273759e+00  -8.3438393e-01   3.2942277e-01
   2.0000000e+00  -3.7735430e-02   9.3323500e-01  -1.7125807e+00  -1.3362838e+00   1.7644883e+00  -1.1754818e-01
   2.0000000e+00   9.9292381e-01   2.7230097e+00  -2.1796269e-01   2.9941017e+00   1.7614347e+00   1.0632599e+00
   2.0000000e+00  -3.9927966e-01   2.4460519e-01   8.3804635e-01  -1.7167634e+00   6.2938779e-02  -1.3590602e+00
   2.0000000e+00  -3.6990587e-01  -5.2351662e-01   3.2319418e-01   1.2749978e+00  -6.1128243e-01  -1.4653936e+00
   2.0000000e+00   2.3809519e+00   3.7142002e-01   2.5829407e-01  -6.0065058e-01   1.0339785e+00  -1.4926068e+00
   2.0000000e+00  -5.4233563e-01  -3.4683100e-01  -5.2247745e-01   4.8047708e-01   7.2350557e-01  -3.4438087e-01
   1.0000000e+00   8.2534166e-01  -1.9332291e+00   4.5447320e-01   3.8559021e-01   2.2232525e+00   2.1897563e-01
   2.0000000e+00   1.4327533e+00   4.9488607e-01  -4.6450588e-01  -1.6264753e+00  -7.6584135e-02   1.3807198e-01
   2.0000000e+00   2.0263089e+00  -8.0223043e-01  -1.9099530e+00   1.2025917e+00  -1.5221730e+00  -2.4508430e-01
   2.0000000e+00  -1.7664053e+00   9.5011323e-01   1.3514842e+00  -9.5805895e-01   5.9339794e-01  -1.9747119e-01
   2.0000000e+00   2.0390570e+00   1.4652904e+00  -1.3878312e+00  -3.7349006e-01  -4.3873821e-01  -1.6874513e+00
   2.0000000e+00   3.2035671e-01  -2.0893935e+00   1.2766101e-01  -7.7014635e-01  -1.5488955e-01   1.1472163e+00
   2.0000000e+00  -3.9970753e-01  -2.3597293e-01  -1.0384081e+00   2.6925171e-01  -2.4976270e-01  -1.8587327e-01
   2.0000000e+00  -7.2158004e-03  -9.0909133e-01   1.4124998e+00   1.0168149e+00  -4.5122825e-01  -9.0173468e-01
   2.0000000e+00  -1.2285744e+00   1.0523564e+00   2.0924103e+00   1.1936798e+00  -4.8213031e-01  -1.3813226e+00
   1.0000000e+00   8.3447863e-01  -6.7098214e-01   1.0613435e+00   6.8309431e-01   1.1896303e-01   2.6107039e-01
   2.0000000e+00   1.0986369e+00   1.3855636e-02  -9.8727557e-01   2.3433870e-01  -1.8390802e-01  -1.8030925e-01
   2.0000000e+00  -8.3223989e-01  -1.4636048e-01   1.8660599e+00   1.1748679e+00  -2.1213398e-01   9.1332622e-02
   2.0000000e+00  -4.4355756e-01  -6.4513643e-01  -5.2140452e-01  -1.3281425e-01   3.7822122e-01   1.3190493e+00
   2.0000000e+00   4.3949281e-01  -5.3410819e-01   2.0150476e+00  -2.0146856e+00   2.4735130e+00   2.5160923e-01
   2.0000000e+00   1.3103801e+00   6.1374824e-01   5.3700683e-01   2.5639654e-03   9.0299803e-01  -1.0591254e-02
   2.0000000e+00  -5.6780936e-01   7.2840018e-01  -9.0108608e-01   1.4001917e+00   6.1316932e-01  -5.9347490e-01
   2.0000000e+00  -2.9784977e-01   5.7052085e-02  -6.9982004e-01   1.8227888e+00   8.4565078e-01  -1.8511835e+00
   2.0000000e+00  -2.7782012e-01  -9.6392834e-01  -8.4332334e-01   2.9503363e-01  -1.0379974e+00   2.2674332e-01
   2.0000000e+00  -1.5782551e+00  -6.7109665e-01   1.1161633e+00  -2.1968871e-01  -4.6074692e-01  -8.5312580e-01
   2.0000000e+00  -7.9165400e-01   3.8559712e-01  -8.5314008e-01  -1.1218258e+00   1.7006782e+00   1.9825432e+00
   2.0000000e+00   1.3076473e+00   6.5202182e-01  -1.3534487e+00   4.1727100e-04  -2.5729684e-01   5.5926638e-01
   2.0000000e+00   3.8829602e-01  -9.1414427e-01  -2.3313836e-01  -1.3128750e+00  -1.7352044e+00   1.2699673e+00
   2.0000000e+00  -9.8866134e-02   8.5941188e-02  -3.8573058e-01  -1.2827659e+00  -2.3129699e-01   4.4710306e-01
   2.0000000e+00  -1.1078918e+00   1.2522614e+00  -7.3062186e-02   3.0279614e-01  -1.0740512e+00  -3.5207768e-01
   2.0000000e+00  -5.8268886e-01  -5.6409543e-01  -1.1111774e+00   5.7144979e-01   1.3327419e+00  -3.6801835e-01
   2.0000000e+00   1.8528759e-01  -1.3312633e-01   6.4689783e-01  -1.6545015e+00   2.7690892e+00  -1.2928025e+00
   2.0000000e+00   7.9541125e-01  -7.7799342e-01  -1.8649894e+00   1.6606601e+00   5.6710400e-01   9.4627507e-01
   1.0000000e+00   2.1006762e-01  -1.5885843e+00   8.3963259e-01   8.7808907e-01  -7.0974281e-02   9.0173381e-01
   2.0000000e+00   2.1975130e+00  -3.9282700e-01  -1.2712835e+00  -1.0895356e+00   9.8912495e-01   1.9689265e+00
   2.0000000e+00  -2.9277875e-01  -8.2990933e-01  -8.2778143e-01  -1.2861780e-01   1.3907283e-01  -1.9119199e+00
   1.0000000e+00   4.5568936e-01  -1.0650183e+00  -5.4452921e-01   9.6036216e-02  -1.1141033e+00  -8.8029254e-01
   2.0000000e+00  -8.9341529e-01  -2.3680453e-01  -5.4545299e-02   4.0326278e-01   4.9499921e-01   6.8504357e-01
   2.0000000e+00   5.3296906e-01   3.9632138e-01  -1.3172083e-01  -5.2490593e-01   6.6474610e-01  -1.7158860e+00
   2.0000000e+00  -2.5351089e+00  -1.1454563e+00  -7.6054882e-01   9.9587412e-03   1.1228946e+00  -1.0491435e+00
   1.0000000e+00   4.9134435e-01   1.2440980e+00  -6.1667024e-01  -3.5582720e-01   5.1483833e-01   1.7676990e-01
   2.0000000e+00  -1.4559631e+00  -1.4282721e+00   1.0865869e+00  -5.7115709e-01   4.0850138e-01  -5.9942503e-01
   2.0000000e+00   1.4737762e+00  -2.5545609e-01   4.6497553e-01  -4.8783730e-01   3.6452980e-01  -8.5344155e-01
   2.0000000e+00  -3.8669307e-01   2.2237804e-01  -1.9372354e-01  -1.8799157e-01  -3.7065736e-01  -1.5263217e+00
   2.0000000e+00   5.7561028e-02  -7.1583318e-01   5.8094341e-01  -1.0541073e+00  -3.0304735e-01  -1.2543780e+00
   2.0000000e+00   2.3502285e+00   1.7759542e+00  -4.8031176e-01  -3.2066406e-01   2.8307954e-01  -5.1378442e-01
   1.0000000e+00   1.0927251e-01   9.8872343e-01  -2.0804417e-01  -3.2776048e-01  -1.5406003e+00  -3.6408073e-01
   2.0000000e+00  -4.7897633e-02  -4.9768340e-01  -7.7891723e-01   1.5438091e+00   1.0428065e+00   1.1825890e-01
   2.0000000e+00  -1.1586092e+00  -2.0373553e+00   4.3361441e-01   8.2921767e-01  -5.4216796e-02  -8.7559979e-01
