   2.0000000e+00   2.7972774e-01   6.6693250e-01   2.0713499e+00  -1.3861397e-01  -1.0714967e+00  -1.4545042e-01
   2.0000000e+00   4.7065423e-01   1.3046871e+00  -1.8888960e-01   7.3569315e-01  -3.1866280e-01   2.1307825e+00
   2.0000000e+00   1.9317456e+00  -4.1665396e-01   9.7617798e-01  -8.3468338e-01  -7.7881802e-01  -1.2258067e+00
   2.0000000e+00  -1.1857386e+00   2.8477475e-02   1.8021629e+00  -2.4195085e-01   5.0229557e-01   2.7091614e+00
   2.0000000e+00  -2.4203942e-01  -4.0374664e-01   8.4407809e-01  -8.0785706e-01   3.7488484e-01   8.4473388e-01
   1.0000000e+00  -2.1782836e-01   3.6239520e-01   7.5167457e-01   1.7052270e+00  -2.0600749e+00   2.4367472e-01
   2.0000000e+00   6.4373685e-01  -1.1733925e-01   6.1357664e-01   3.1826448e+00   4.3054009e-01  -4.4595250e-01
   1.0000000e+00   8.7644148e-01   3.8774559e-01   1.3451185e-01   1.3663269e-01  -9.5492812e-01   1.4305032e-01
   2.0000000e+00  -1.7075781e+00   8.8177608e-02  -9.7281520e-01  -1.1755529e+00  -1.0620030e+00  -4.9517205e-01
   2.0000000e+00   2.4120510e-01  -2.3024568e-01  -1.2677202e-01   3.2497341e-01  -1.1634488e+00  -5.8414229e-01
   2.0000000e+00   4.1368461e-01  -1.2122902e+00  -2.1893985e-01  -1.0279263e+00  -9.3220536e-01  -1.4154900e-01
   2.0000000e+00   4.9015230e-01  -1.6182534e-01   3.0209071e-01  -9.9099260e-02   1.5498973e+00   1.2327681e+00
   1.0000000e+00   3.5204068e-02  -1.0506180e-01   6.7501164e-01   9.0994989e-01  -1.5433402e+00   2.8283419e-01
   2.0000000e+00   7.5967741e-02  -4.4820225e-01  -5.4392874e-01   9.4890859e-01  -9.0608459e-01  -1.8481308e-01
   2.0000000e+00  -8.7283746e-01  -2.4615274e-01   1.5194694e-01  -4.9395029e-01  -1.6627359e+00  -8.7258017e-02
   1.0000000e+00   1.7269361e-01   1.3678754e+00   8.2958803e-01  -1.0520104e+00  -1.1572428e+00   2.7629662e-01
   1.0000000e+00   1.9968523e-01   1.2945813e+00  -7.8730463e-01  -1.0847795e+00  -1.5214501e-01   2.5860899e-01
   2.0000000e+00   8.7013026e-01  -4.2984300e-02  -2.9332850e-01   1.6805989e+00  -3.6458079e-02  -2.9098574e-01
   1.0000000e+00  -6.7465587e-01  -4.2599432e-01  -4.8751826e-01  -4.3748663e-01   5.0585925e-01   8.2733754e-01
   1.0000000e+00   1.2863750e+00  -6.1909204e-01   1.7228060e-01   7.5340237e-01  -2.6288260e-01   4.6214464e-01
   2.0000000e+00   7.3048715e-01   9.6034103e-01   3.2235897e+00  -1.1824774e+00  -1.0424979e+00  -5.0552353e-01
   1.0000000e+00   6.9488272e-01   1.9274715e+00  -1.3865541e-01   5.0021779e-01   1.0999259e+00   9.0139674e-01
   2.0000000e+00  -1.0951040e+00  -1.8410352e+00   1.5497178e-01   2.6911044e-01  -6.5338346e-01  -2.6200814e+00
   1.0000000e+00  -1.6785549e+00  -9.1022004e-01  -2.9142441e-01  -4.2588752e-01  -6.1284704e-01   8.8334231e-01
   1.0000000e+00   1.0051134e+00   1.9592151e-01   2.8267005e-01  -1.4530780e+00  -5.2632025e-01   8.5905472e-01
   2.0000000e+00   3.1797230e-01   1.6112587e+00  -2.0241048e+00   1.8301837e+00  -9.0865965e-01   1.1847841e+00
   2.0000000e+00  -4.1151013e-01   1.4259610e+00   5.5273961e-01   5.5545404e-01   1.0382336e+00   8.7709209e-01
   2.0000000e+00  -7.1604967e-01  -1.6003687e+00   1.2646025e+00  -1.5639608e+00   9.6653168e-01  -1.8863540e+00
   2.0000000e+00  -6.4528148e-01   1.1435562e+00   4.2576255e-01   7.7904249e-01   1.7242142e+00   9.5199325e-01
   2.0000000e+00   4.1136770e-01   3.8022792e-01   1.7678836e+00  -2.5931896e-01   1.0348994e+00  -2.0882239e-01
   2.0000000e+00   1.1307311e+00   2.1327845e+00   1.6633422e+00   4.2096319e-01  -6.3460163e-01  -7.5301294e-01
   2.0000000e+00   9.5422901e-01  -7.3155793e-01   3.6634358e-01  -6.5637394e-02  -1.3061830e+00  -4.7878062e-01
   2.0000000e+00  -4.0240581e-01   2.4589101e-02   1.5473774e+00  -1.0363066e+00  -4.0262402e-01   9.7099274e-01
   2.0000000e+00  -1.4670780e+00   1.8792647e+00   1.6024191e+00  -1.4687879e+00  -8.6212583e-01  -4.2226748e-01
   2.0000000e+00  -1.3503027e-02   2.1283250e+00  -1.0276962e+00  -5.1678101e-01  -1.4262650e+00   8.1398868e-01
   2.0000000e+00  -3.6824433e-01   8.3679224e-01   7.6512368e-03   1.1978703e-01   8.4753083e-01  -8.6623117e-01
   2.0000000e+00  -1.5379130e+00  -1.7285182e-01   2.7530212e+00   3.8874703e-01  -3.3531280e-02  -1.3144182e+00
   1.0000000e+00  -6.7791172e-01  -4.8492973e-01  -3.9860968e-01   3.7385951e-01   1.1014502e+00   7.5094116e-01
   2.0000000e+00  -4.7572412e-01   2.6943850e-01  -7.9313548e-01   7.4117400e-01   4.1251046e-01   1.5743807e+00
   2.0000000e+00   1.4334076e+00   3.5365410e-01   1.6529159e+00   7.0853998e-01  -5.1778852e-01  -4.7685879e-01
   2.0000000e+00  -3.0537005e-01   1.7975376e+00   7.8028333e-01   1.3675109e+00  -9.2384398e-01  -7.9579216e-01
   2.0000000e+00   5.7208201e-01   1.5187399e-01  -1.1782224e+00  -1.2489638e+00   3.0196436e-01  -1.2186176e-01
   2.0000000e+00  -6.7145742e-01   1.0417945e+00  -1.3445562e+00   1.6261667e+00  -8.1104168e-01   1.9355295e-01
   2.0000000e+00  -2.9397716e-01   8.8154756e-01  -8.4185319e-02   1.3697098e+00   1.3931260e+00  -1.8713658e+00
   2.0000000e+00   1.5308228e+00   1.4354846e+00  -1.6598898e+00   2.2670666e-01  -7.2493176e-02  -7.6406655e-01
   2.0000000e+00  -7.5687602e-01  -2.2316529e-01   1.9263411e+00   3.5236866e-01  -2.6956821e-01   8.5427645e-01
   2.0000000e+00   1.0917407e+00  -1.9934027e+00  -2.6325455e-01  -8.5113421e-02   5.0058029e-01   9.8545320e-01
   2.0000000e+00  -1.7782136e-01   2.1860594e-01   1.2019621e+00   5.7653316e-02  -7.1676449e-01  -6.6392403e-01
   2.0000000e+00   1.1802336e+00   1.3669503e+00   1.1147018e+00   3.2456335e+00  -1.5915732e+00   5.3522505e-01
   1.0000000e+00   1.0669336e+00  -4.4253893e-01   4.5203959e-01   8.7596053e-01   5.4965717e-01   8.2901352e-01
   2.0000000e+00  -7.4739012e-01  -7.6343170e-01  -6.4564263e-01   3.2527091e-01   1.3647829e-01  -2.1982572e-01
   2.0000000e+00   6.5241889e-01  -2.7418553e-02  -2.0802344e-01  -1.3077912e+00  -1.5287349e+00  -8.3432387e-01
   2.0000000e+00   1.1976137e+00   9.6987533e-01  -3.5183816e-01  -8.0725155e-01   4.6505376e-01  -2.0651426e-01
   2.0000000e+00   5.5315138e-01   5.3231930e-01   2.5137390e-01  -1.4552086e+00   4.1759500e-01  -1.9483594e-01
   2.0000000e+00  -7.2682760e-01   2.1714294e-01   7.1930788e-01  -1.2630872e+00  -6.4759778e-01  -3.4291962e-01
   2.0000000e+00   9.8262618e-01  -1.4352353e-02  -8.4481938e-01  -5.7783132e-01   2.0776783e-01  -3.7191121e-01
   2.0000000e+00   1.8678995e+00   1.2749424e-01  -1.7495232e+00  -5.9540756e-02   9.9669636e-03  -3.8826788e-01
   2.0000000e+00  -1.8705226e-01   3.0721430e-01   6.5832681e-01   2.1833100e+00   6.0356349e-01   6.6719517e-01
   2.0000000e+00   5.7252628e-01   1.0685485e+00  -1.0549898e+00   2.1609458e-01  -4.3100065e-01   4.1605796e-02
   2.0000000e+00   2.4047660e+00  -1.0713573e+00   7.4858360e-02   5.9147050e-01  -1.1273815e+00   1.1954687e+00
   1.0000000e+00  -2.4270124e+00   6.4585121e-02  -3.9984375e-01   4.1650095e-01  -5.0710849e-01   7.7153362e-02
   2.0000000e+00  -9.0001734e-01  -8.6928395e-01  -1.0113168e+00  -2.3275762e+00  -1.0457516e+00   2.1014550e+00
   2.0000000e+00  -1.4589573e+00  -7.9695215e-01   1.4498998e+00   1.5772952e+00   1.0357619e+00   1.0949427e-01
   2.0000000e+00  -7.7914625e-01  -1.0707203e+00   1.4210885e+00  -1.6728924e+00  -9.7194703e-02  -5.8678242e-01
   1.0000000e+00   1.1175970e+00   7.7404907e-02   6.7301606e-02   3.1158575e-02   8.9404602e-01   5.6227741e-01
   1.0000000e+00   6.3097865e-01  -5.6308339e-01   7.0677301e-02  -3.5272122e-01  -8.7513369e-01   9.0449022e-01
   2.0000000e+00  -9.2793424e-01   1.4458276e+00  -1.7555416e-01   1.0634537e-01  -6.6908671e-01  -6.2577826e-01
   2.0000000e+00   6.0779924e-02  -1.4288326e+00  -6.0222610e-01  -1.6440493e+00  -2.4061163e+00  -2.0760831e-02
   2.0000000e+00  -6.2419381e-02   1.8765925e+00  -1.0573223e+00  -1.4159696e+00   8.7757888e-01  -6.3931544e-01
   2.0000000e+00  -1.7088794e+00  -3.0554709e-01  -1.1623509e+00   1.0167471e+00  -1.7454350e+00   4.7314997e-01
   2.0000000e+00  -2.3980349e-02  -2.0138998e-01  -6.4070171e-01   1.3127088e+00  -6.3554013e-01  -6.3245426e-01
   1.0000000e+00  -9.7378024e-01   1.1493429e-01   6.4440795e-01   1.7070123e+00   2.1727853e+00   6.7111047e-02
   2.0000000e+00  -2.7006330e-01   1.0082621e+00   2.7495588e-01  -2.8210152e-01   5.9355197e-01  -2.3066393e+00
   2.0000000e+00  -6.9732127e-03  -5.4973649e-01   2.5833405e-01   2.2104390e+00   8.7989910e-01   7.4919538e-01
   1.0000000e+00  -6.3220209e-01   1.0578115e+00   4.8746669e-01   1.8887698e-01   9.5050791e-01   6.2765402e-01
   2.0000000e+00  -2.4695994e-01  -9.0926996e-01  -4.8942799e-01  -6.4165960e-01   4.0534211e-01  -7.3518014e-01
   2.0000000e+00   7.0062182e-02   1.0183143e+00  -6.7939681e-02   1.6081868e+00   1.5386490e+00   1.1032698e+00
   2.0000000e+00  -6.5786781e-01   1.2513225e+00  -1.7213260e+00  -3.0823788e-01  -1.1594430e+00   4.0958191e-01
   2.0000000e+00   1.5188157e+00  -4.9582092e-01   1.1055462e+00  -4.5295660e-01   2.8963122e+00  -7.9908881e-01
   2.0000000e+00  -4.2367583e-01  -2.6558463e-01   7.8503306e-01  -1.3105846e+00   6.9182358e-01   9.7324198e-01
   2.0000000e+00  -5.2950051e-01   4.8231177e-01  -5.9218492e-01  -1.3648990e+00  -5.8391163e-01   9.1897738e-01
   1.0000000e+00   6.7623654e-01   5.1020446e-01  -7.9496084e-02  -7.6277857e-01   1.6182325e-02   9.4568278e-02
   2.0000000e+00   1.1490913e+00   7.8882908e-01   7.5208535e-01  -2.1228114e-01   1.2568220e+00  -8.0696261e-02
   2.0000000e+00  -1.4462590e-01  -7.8733632e-01   3.8288849e-02   3.2247764e-01   5.5080513e-01   1.8992848e+00
   2.0000000e+00  -7.6644163e-01   9.5790595e-01  -1.3380891e+00  -7.5258129e-01   1.0312697e+00  -1.3432091e+00
   1.0000000e+00  -1.3357434e+00  -1.4688271e+00  -3.1303948e-01   5.6226866e-01   1.5725813e-02   9.3323881e-01
   2.0000000e+00   2.9629761e-01  -1.6972369e-01  -2.0864621e+00   1.7002752e-01  -1.3215878e+00  -4.4319460e-01
   2.0000000e+00   1.9453075e-01  -1.8098046e-01   4.7556970e-01   1.7925070e+00   1.7583318e+00   1.0468339e+00
   2.0000000e+00  -2.2887693e+00  -3.4235787e-01   9.5556787e-01  -2.6157633e-01   2.3028003e-01   1.2254984e+00
   2.0000000e+00   1.0624338e-01   3.3926465e-01  -9.1207503e-01   3.6533073e-01  -1.5964536e-01  -2.6518625e+00
   2.0000000e+00  -8.1573076e-01  -7.1718030e-01  -5.8178135e-01  -7.2260657e-01  -6.3406207e-01   1.0744836e+00
   2.0000000e+00   1.0183676e+00   1.4197837e+00   1.1748378e+00  -1.2665010e+00   1.1983855e+00  -8.6656133e-01
   2.0000000e+00   9.7314302e-01  -6.7471514e-01   1.0646641e+00   8.3302715e-01   7.1872102e-01   2.7622291e-01
   2.0000000e+00   2.0166158e+00  -1.9314891e-01  -2.4744493e-02   1.1628903e+00   4.8620266e-03  -1.5130569e+00
   2.0000000e+00  -2.0957839e+00   1.3131359e+00  -1.2460448e+00  -6.7784270e-02   1.0547787e+00   7.6870462e-01
   1.0000000e+00   1.2131904e+00   1.3002620e-01   7.8732212e-02  -7.3522822e-02  -1.0385784e+00   4.4382898e-01
   1.0000000e+00   2.9137810e-01   3.4958484e-01  -8.5068102e-01  -6.4362031e-02   2.1341863e-01   4.5961467e-01
   2.0000000e+00  -5.7290203e-02  -8.2872983e-01  -9.1378321e-01  -3.3496544e-01   3.7659337e-01  -4.7932659e-01
   2.0000000e+00  -2.5479446e-01  -1.1239856e-01  -4.5058079e-01  -1.5331483e+00  -7.3567717e-01  -1.8571938e+00
   1.0000000e+00  -1.0015398e-01   5.3808221e-01  -1.0746019e-01   1.6039403e-01   9.2035409e-01   3.8586036e-01
   2.0000000e+00   6.0427648e-01  -7.1575546e-01   8.4722816e-01  -6.2422852e-01   9.6701461e-01  -7.8547885e-01
   2.0000000e+00   1.1380990e+00   5.4845285e-01  -8.6660011e-01   1.9738466e+00  -8.8016132e-01  -4.4088038e-01
   2.0000000e+00  -1.2148676e+00  -3.0121071e-01  -5.8015840e-01  -4.8427727e-01   4.3105397e-01   1.4192086e+00
   2.0000000e+00   1.3010728e+00  -6.5747294e-01   5.0062299e-01   8.6508863e-01  -4.4474584e-01  -3.9763279e-01
   2.0000000e+00  -1.3265298e+00   3.4882308e-01  -3.6134615e-01  -2.2976739e+00  -1.0685257e+00   2.1403940e-01
   2.0000000e+00  -1.1242972e+00  -1.5065704e+00   5.3110224e-01   9.3404979e-01   3.2596257e-01   1.1452280e+00
   2.0000000e+00  -2.9929397e-01   1.4478569e+00  -2.7310492e+00  -1.0426696e-01  -3.0841251e-01   8.6966933e-01
   2.0000000e+00   2.9395441e-02  -5.6085862e-01  -7.8734971e-01  -2.0283614e+00  -1.1886516e+00  -7.1497761e-01
   2.0000000e+00  -1.0033992e+00   2.3833115e-01   8.2563944e-01   6.2703504e-01  -1.0729971e+00  -4.6186869e-01
   1.0000000e+00  -1.0221860e-01  -1.5735263e+00  -1.0156573e-01  -5.5139813e-01   3.7089883e-02   2.1185789e-01
   2.0000000e+00  -4.1225553e-01  -1.0885969e+00  -8.5394680e-02   1.8695638e+00  -9.6820614e-02  -8.2761570e-01
   2.0000000e+00   1.1393036e+00  -1.7976439e+00  -2.2748504e-01  -2.5442011e+00   3.6537131e-01  -9.2709240e-01
   1.0000000e+00  -1.3496744e+00  -2.2675580e-01   3.7680892e-01   8.4974962e-01  -1.5779153e+00   7.1715306e-01
   2.0000000e+00  -8.6209655e-01  -5.2606710e-01  -1.0954390e+00  -2.3274065e-01   3.1571304e-01   1.6875538e-01
   2.0000000e+00  -2.8221630e-01  -1.0281179e+00  -1.7352745e+00  -5.7685549e-01   6.5409722e-01  -9.5308888e-02
   2.0000000e+00  -2.2734422e-01  -8.0024734e-01   8.9182917e-01  -7.2574166e-01   1.4715488e-01  -3.1886163e-01
   2.0000000e+00   1.2791939e+00  -1.4525942e+00  -1.6766726e+00   8.1059623e-01   1.0388225e+00  -7.0145572e-01
   2.0000000e+00   1.1269937e-01   1.2209417e+00   1.1012205e+00  -9.7034793e-01   1.5720069e-03   2.3509968e-01
   2.0000000e+00   7.4484799e-01   8.6137503e-01  -7.0027687e-01  -1.0996151e+00  -1.0812438e+00   7.3990976e-01
   2.0000000e+00   1.2096047e+00  -1.2558623e+00  -2.0807950e+00   1.4932197e+00   9.1688502e-01   1.0952640e+00
   2.0000000e+00   2.0733367e+00  -2.7379969e-01  -1.2087690e+00  -1.7548673e+00  -6.7864224e-01  -2.2623006e-01
   2.0000000e+00   1.4580002e+00  -1.4212208e+00   9.3597847e-02   4.8812901e-01   9.6936049e-01  -2.8138476e-01
   2.0000000e+00  -2.1330778e+00   1.1230447e+00   6.9613343e-01  -9.9299534e-01   6.7939679e-01  -1.4008923e-01
   2.0000000e+00  -4.4820633e-01  -1.0020301e-01   1.2907945e-01  -6.8420069e-01  -1.5578071e+00  -2.4632686e-01
   2.0000000e+00  -1.9557920e+00   1.3477201e+00  -4.1292294e-01   8.2494303e-01  -1.1597187e+00   1.2682440e+00
   2.0000000e+00   5.6632599e-01  -5.2598995e-01  -2.4972039e-01  -1.5969824e+00  -1.9097494e+00  -1.3632481e-01
   2.0000000e+00  -9.0075988e-01  -5.5644622e-01   2.3988427e+00  -3.3264588e-02   2.9395369e-01  -7.0434614e-01
   2.0000000e+00   6.9494768e-01   7.8496718e-01  -1.6506222e-01   4.0350493e-01  -2.1948189e-01  -2.5678847e-01
   2.0000000e+00   1.7015188e+00  -1.2438220e+00  -1.9596327e+00  -1.3684734e+00  -3.6335818e-01   2.5482741e-01
   2.0000000e+00   1.0137336e+00  -1.3416894e+00   2.1968677e-01   2.3766675e-01  -1.9788729e-01  -2.1301534e+00
   2.0000000e+00   2.1764422e-01   1.1595663e+00   8.2570866e-01   1.7037451e+00  -6.6225306e-01   1.7100812e+00
   1.0000000e+00  -5.3498985e-01  -7.1964477e-01   2.8466012e-01   2.8321185e-02   9.6745949e-02   2.6138957e-01
   2.0000000e+00   1.7026201e+00   5.2966130e-01  -1.3784608e+00  -1.3986375e-01  -1.2489968e-01   6.1207219e-01
   2.0000000e+00  -3.6182276e-01  -5.8971081e-01  -2.6102576e+00  -2.7104395e-01  -8.5589793e-01  -1.9983103e-01
   2.0000000e+00   2.6359269e-01   4.4250416e-01  -4.7956175e-01   6.1978517e-02   6.7559345e-01   1.3975228e+00
   2.0000000e+00   2.0217459e+00   2.5535861e-01   3.5069328e-01   7.5452929e-01   9.1797159e-01  -6.5654571e-01
   1.0000000e+00   1.6796599e-01   3.1875489e-01  -3.4726235e-01  -1.3001145e+00  -9.4981432e-02   3.9765450e-01
   2.0000000e+00  -1.1069856e+00   1.4318436e+00  -1.8648121e+00  -6.4063139e-01  -1.3640630e-01  -3.1432301e-01
   2.0000000e+00  -4.4308029e-01   1.3970045e+00  -1.3995028e+00   1.3410840e+00  -1.2956748e+00   7.2767092e-01
   2.0000000e+00  -1.3003039e+00  -8.8367049e-01  -1.6490887e+00  -2.0623900e-01   8.5694844e-01  -3.1655007e-01
   1.0000000e+00  -4.2768999e-01   1.6872752e+00   3.4692387e-01   6.0286790e-01  -1.1493002e-02   1.6636202e-01
   2.0000000e+00   1.9915645e-01  -3.1192714e-01   6.1018524e-01   8.7627218e-01  -1.3839381e+00  -1.0686064e+00
   2.0000000e+00   5.1793886e-01  -7.4071213e-01   1.5926006e-01  -1.2051851e+00   8.8005751e-02   9.9651729e-01
   2.0000000e+00   1.5269129e+00   1.5098887e+00  -2.8254859e-03  -1.8853768e-02   4.8782350e-01  -9.5268982e-01
   2.0000000e+00   8.7210932e-02   9.4526855e-01  -8.8359623e-01  -1.0876747e+00   5.1260340e-01  -1.3009286e+00
   2.0000000e+00  -8.8096496e-01   5.5216196e-01  -5.4788956e-01  -2.1439788e-01   7.6496030e-01   1.0907150e+00
   1.0000000e+00   7.6456481e-02   1.7243078e-01   3.8962716e-01   1.0634407e+00   2.1206619e+00   3.0524352e-01
   2.0000000e+00   5.4014264e-01   1.2791856e-01  -3.5454255e-01   4.2505269e-01  -1.8792625e-01   2.4620950e+00
   2.0000000e+00   3.7068338e-02   9.8376789e-01  -1.0360167e+00  -1.6303858e-01   4.1672462e-01  -5.0282234e-02
   1.0000000e+00   9.8460002e-01   3.9278919e-01   4.4896832e-01   2.2859542e-01  -1.9775278e+00   1.9515789e-02
   2.0000000e+00  -4.3035709e-01  -3.6860765e-01  -4.4559253e-02  -3.7698144e-01   7.1908657e-01  -7.8725040e-01
   1.0000000e+00   1.1959449e+00  -1.8689099e+00  -4.4521053e-01   5.7938389e-01   1.0539801e-01   7.6780847e-01
   2.0000000e+00   4.4299926e-01   3.1968724e-01   5.6791922e-01   9.4307488e-01   2.5883224e-01  -1.6608998e+00
   1.0000000e+00  -2.1941657e+00   7.1261217e-01   1.7960018e-02  -1.7736416e-01  -2.7275505e-01   9.2863312e-01
   1.0000000e+00  -2.3291097e+00   1.8634735e+00  -5.3014266e-01  -9.0048986e-02  -1.3775757e+00   3.6783005e-01
   2.0000000e+00   6.0717734e-01  -1.4021867e+00  -2.3384904e+00  -8.0478853e-01   2.1438526e-01   6.9564972e-01
   2.0000000e+00  -1.0086754e+00   1.0885252e+00  -1.4681482e+00  -2.1451330e+00   9.7302780e-01  -6.2658267e-01
   2.0000000e+00  -9.4719951e-01   5.5969202e-01   6.4066326e-01   2.6653433e+00  -1.7994866e+00   4.7207473e-01
   1.0000000e+00  -1.5617813e+00  -4.2600237e-01   9.6512230e-01   2.2946042e-01   8.4373918e-02   6.1929459e-02
   2.0000000e+00   5.5366505e-01   1.5317916e+00   1.0253379e+00  -4.4918051e-01   1.9476276e-01  -2.7489718e-01
   2.0000000e+00  -3.6540370e-01   2.1579625e+00  -1.9584310e+00   1.5388010e+00  -1.3211115e+00   9.1271928e-01
   2.0000000e+00  -6.8933403e-01  -7.2243244e-01  -7.8832550e-01   5.6874164e-01  -1.0152492e+00   1.8187694e+00
   2.0000000e+00   3.1364413e-01   1.7193604e+00  -1.3042867e+00   1.1727713e+00  -2.0160700e+00   1.1030918e+00
   2.0000000e+00   9.5309400e-02   4.1784329e-02   4.3507629e-01   1.6927333e-01   6.2687874e-01  -3.2615917e+00
   2.0000000e+00  -5.3121011e-01  -1.3250134e+00  -8.7057516e-02   1.4833536e-01  -1.3303897e+00   2.9015266e+00
   2.0000000e+00   1.9305547e+00   9.6725481e-01   5.2282012e-01  -9.5984939e-01   9.1474854e-01  -1.7741233e+00
   1.0000000e+00   3.4729722e-02  -1.7317652e+00  -4.3006970e-01  -4.7922608e-01  -1.1955791e+00   8.9541213e-01
   2.0000000e+00   3.0950444e-01   1.8316075e+00   2.1670333e-01  -9.3456133e-02   9.8314264e-01  -2.1577099e+00
   2.0000000e+00  -1.1432587e+00  -1.0513902e-01   1.5253368e+00   1.8024207e+00   1.1341636e+00   1.3265618e+00
   2.0000000e+00  -1.6541130e+00  -5.2982970e-01   3.9100845e-02  -1.7497868e+00  -4.5757329e-01   2.0332957e+00
   2.0000000e+00  -1.0401901e+00   1.0151738e-02  -7.4472020e-01  -1.0180358e+00   5.1296427e-01  -1.5230455e+00
   1.0000000e+00  -1.1158368e+00   9.1353470e-01  -5.7194841e-01  -6.2956954e-01   9.6114106e-01   2.2792272e-02
   2.0000000e+00  -2.3747285e-01   7.6823928e-01  -1.9000199e+00  -1.2327130e+00  -1.3206029e-01   8.2614620e-02
   1.0000000e+00  -9.3784431e-03   6.1242031e-01   5.3280198e-01  -1.5369526e+00  -7.7718741e-01   4.8841145e-01
   2.0000000e+00  -2.4154292e-01   5.5590721e-02  -1.0874286e-02  -3.9599923e-01  -7.5137988e-01  -1.6098364e+00
   2.0000000e+00   2.5109366e+00  -1.9498452e+00  -1.0572514e+00  -6.6457821e-01  -8.1742205e-01   1.3472732e+00
   2.0000000e+00  -2.0386941e+00   4.2676361e-01  -1.2236021e+00  -9.9288099e-01   8.4892393e-01  -3.3547010e+00
   2.0000000e+00  -1.9102696e-01  -1.1256672e+00   3.5926790e-01   7.6358680e-01   9.2808962e-01  -7.5930937e-01
   2.0000000e+00  -1.2681576e+00  -1.0695165e+00   6.5426826e-01   1.2057084e+00   6.4093514e-01  -3.9345950e-01
   2.0000000e+00   1.5265294e+00   2.3275415e+00  -5.0790383e-01   2.6043005e-01  -5.3235349e-01   1.0568741e+00
   2.0000000e+00   1.2398692e-02   4.7261758e-01   8.5187444e-02   2.1666385e-01  -2.6439677e-01  -5.9255742e-01
   2.0000000e+00   9.0263859e-02  -1.2172802e-01   7.0646826e-01  -6.0072853e-01  -7.9269828e-01  -4.3251478e-01
   2.0000000e+00   1.6385335e+00  -7.1821540e-01   1.0879108e+00  -9.4765077e-01  -5.7378502e-01  -1.0890212e-01
   1.0000000e+00   5.1134739e-01   1.9488134e+00  -2.2926803e-01  -9.8853199e-01   3.0688592e-01   2.2594777e-01
   2.0000000e+00   6.5189297e-01   1.9400765e+00   5.5427644e-01   4.6351458e-01   8.5601912e-01  -1.0476922e+00
   2.0000000e+00  -1.3113540e+00  -1.2007405e+00  -1.0287792e+00   5.1904545e-01   8.0621318e-02  -2.3929278e-01
   2.0000000e+00  -1.1768982e+00   2.0417230e-01  -1.6589495e+00  -4.2050989e-01  -1.0899318e+00   3.8409527e-01
   2.0000000e+00   1.3932159e+00  -1.9528139e-02   1.3071044e+00   8.9673077e-01   5.9350431e-01   4.1418162e-01
   1.0000000e+00   6.0016396e-01  -8.6904191e-01  -6.4584721e-01  -1.3265573e+00   5.5241676e-01   1.7453916e-01
   1.0000000e+00  -9.6442869e-01   6.0735991e-01   1.5630291e-01  -1.4847527e+00   1.8286060e-01   1.2671622e-01
   2.0000000e+00   1.2831694e+00   4.3282505e-01   5.6541948e-02   5.4259097e-01   1.3193570e+00  -5.7820476e-01
   2.0000000e+00   9.4929389e-02   1.7717680e+00  -3.6169454e-01   1.7119870e+00  -7.3848962e-01  -4.6862058e-01
   2.0000000e+00   3.5432277e-01  -3.9751183e-01  -1.2097717e+00   4.1261837e-01  -1.4325132e-01  -2.5741002e-01
   2.0000000e+00   7.9408379e-01  -3.7321337e-01  -1.2509134e+00   2.6965843e-01  -7.8771716e-01   2.1121004e-01
   2.0000000e+00  -2.2047167e+00  -6.7181208e-01   1.6406630e+00  -2.1449523e-01   1.0370035e+00   7.1336135e-02
   2.0000000e+00  -2.3306614e-02   1.1480067e+00  -4.0361744e-01   6.2235611e-01   2.6659573e-01  -5.4455568e-01
   1.0000000e+00   6.1386638e-01  -5.6973271e-01   9.5689957e-01   5.2730807e-01   5.5771426e-01   2.2009700e-01
   2.0000000e+00   8.8848341e-01   1.7831463e+00   1.7212007e+00  -2.4973419e+00   7.4859913e-01  -2.8492513e-01
   2.0000000e+00  -1.6459623e+00  -4.6698964e-01  -1.0588341e+00  -8.6594318e-01   1.3833407e+00   5.2887235e-01
   2.0000000e+00   9.2974780e-01   3.3907326e-01  -1.7508533e+00   2.7781296e-01   1.1813667e+00  -5.7658224e-02
   2.0000000e+00  -1.0264152e+00   1.5775062e+00   1.0264749e+00  -7.6184862e-01   2.0865979e+00   8.5020368e-01
   2.0000000e+00  -3.0831148e-01   8.5253334e-01   4.4665456e-01   8.2366810e-01   4.7952532e-01  -1.1207010e+00
   2.0000000e+00   1.2895720e+00   5.7095765e-01   1.0953612e+00  -2.2932952e-01   1.3770450e+00   1.5760421e+00
   1.0000000e+00   1.1595067e+00  -1.0642851e+00   3.7273637e-01   5.2647266e-01  -9.1932482e-01   3.7581263e-01
   2.0000000e+00  -7.7473700e-02  -4.4144802e-01   1.1859356e+00   4.6393886e-01   3.5842952e-01   4.4510848e-01
   1.0000000e+00  -2.1176550e+00  -9.0025311e-01  -5.6497610e-01   1.2879763e-01   1.8660345e-01   7.8549301e-01
   2.0000000e+00  -9.4319232e-01   2.5688331e+00   7.3653101e-01  -1.8146067e+00  -9.1706717e-02  -2.4164585e+00
   2.0000000e+00  -1.4763433e+00  -1.2482810e+00  -1.4802650e+00  -2.0922726e-01   2.7077186e-01  -9.0498174e-01
   2.0000000e+00   9.7863828e-01   1.4501434e+00   1.8306524e+00  -4.8292590e-01  -4.3094380e-01  -7.3517389e-01
   1.0000000e+00  -3.3326285e-01  -7.0776626e-01   8.8172824e-02   6.4007929e-01  -4.4766240e-01   2.0903466e-01
   2.0000000e+00   1.7221593e+00  -5.5879134e-01   6.7392517e-01  -2.8888589e-01   1.5078843e+00  -1.5389832e-01
   2.0000000e+00  -1.9756736e-01   8.6785681e-01   8.5847622e-01   1.7738298e+00  -2.9500186e-01   5.2354195e-01
   2.0000000e+00   1.5531465e+00  -7.5200853e-01   1.6808392e+00  -9.7836767e-01   3.6060971e-01   1.0332353e+00
   2.0000000e+00  -2.0285067e-01   1.3128462e-02  -4.3308019e-01   4.3023213e-01   3.4614529e-01  -9.7893047e-01
   1.0000000e+00   1.8844061e+00   3.7925626e-02   2.4605464e-01   7.8396954e-01   6.5702932e-01   3.7678271e-01
   1.0000000e+00  -3.3567302e-02  -3.4636363e-02   7.3681893e-01  -8.0835022e-03  -9.3018345e-02   4.4552684e-02
   1.0000000e+00  -3.8286994e-01  -1.0216875e+00  -8.1737993e-01   1.8097650e-01   1.8242840e+00   2.4221695e-01
   2.0000000e+00   1.7024185e+00  -9.2719409e-01   1.0077685e-01  -1.3474442e+00  -1.9787617e+00   1.1324206e+00
   2.0000000e+00  -3.6604260e-01   1.7090799e-01  -1.4438765e+00   6.0939312e-01  -1.7238916e+00  -2.0054045e+00
   2.0000000e+00   7.5515186e-01   1.6563606e-01  -2.3994603e-01   1.0274620e+00  -1.1604007e+00  -1.1413018e+00
   2.0000000e+00  -1.7153327e+00   4.0024883e-01  -1.6432588e+00   3.5748610e-01   3.0461478e-01  -2.2776432e-01
   2.0000000e+00   1.2807898e+00  -4.8838975e-01   2.0412034e+00   8.0238168e-01   1.9004221e+00   1.6064810e+00
   1.0000000e+00  -1.0383769e+00  -1.1308810e-01  -9.0383678e-01   8.1607079e-02  -9.7990290e-01   1.6896069e-01
   1.0000000e+00  -9.0228650e-01   1.7313164e+00  -1.0226022e-01   3.2886368e-01   1.1696032e+00   6.3838758e-01
   2.0000000e+00   6.5998357e-01  -6.7926323e-01   1.7332933e+00   1.1406450e-01  -7.3270056e-02  -1.3410814e-01
   2.0000000e+00   6.8899903e-01   8.0542096e-01  -3.1160830e-01   1.2574423e+00   1.5874160e+00   1.4299884e+00
   2.0000000e+00   9.5967318e-01  -2.5636645e-01  -2.3789532e-01   1.2873200e+00  -1.5651564e-01   1.0145610e+00
   2.0000000e+00   1.0463675e+00  -2.6457528e-01   7.6435056e-01  -6.4604053e-02   6.0522260e-01  -3.1444386e-01
   1.0000000e+00   3.4226564e-01  -3.9311701e-01  -2.7487669e-01  -1.2327114e-01  -1.0899312e+00   5.6558270e-01
   2.0000000e+00   4.6468448e-01   2.0243248e+00  -3.6959592e-01   8.7246536e-01  -8.7482631e-01  -1.4166978e+00
   2.0000000e+00  -2.1309818e+00   1.9533489e+00  -4.9031351e-01  -7.2613510e-01  -1.8605962e-01  -1.1424852e+00
   1.0000000e+00  -1.6388337e-01  -4.1021277e-01  -1.0020395e-01  -3.8520355e-02  -1.5259981e-01   5.0135186e-01
   2.0000000e+00  -5.3957334e-01   4.4578088e-01   1.6932803e-01   1.5197519e-01  -1.9359796e-01  -1.1891407e-01
   2.0000000e+00  -5.5639692e-01   4.1940651e-01   8.4615273e-01  -5.9477208e-01  -1.4158685e+00  -1.8169381e-01
   2.0000000e+00  -1.0469314e+00   1.7205049e-01   1.0794202e+00  -1.0492761e-01  -4.4195897e-01  -1.2230256e+00
   1.0000000e+00   5.1716761e-01  -7.2088135e-02   3.7598578e-01   4.2855756e-02  -3.9604229e-01   2.1397320e-01
   2.0000000e+00  -2.8885129e-01   1.1476122e+00   1.1806910e+00   1.3989924e+00  -8.9120981e-01   3.3761841e-01
   2.0000000e+00   1.0754779e+00   4.6689671e-01   1.3564169e+00   3.5833364e-01   5.7092942e-02   7.8075109e-02
   2.0000000e+00   2.7312942e-01   1.0011225e+00   9.2706858e-01  -3.9370009e-01   8.1953219e-01  -4.5581245e-01
   2.0000000e+00   1.1319697e+00  -1.2780793e+00   1.1165021e+00   1.7618340e+00   3.9279923e-01   4.1238296e-01
   1.0000000e+00   1.9288592e-02  -3.5936793e-01   7.4619193e-01   2.6535683e-01  -3.5258350e-01   3.0178117e-01
   2.0000000e+00   6.1265319e-01   3.5976173e-01   1.2194638e+00  -1.7040264e-01   9.4897158e-01  -1.3009575e+00
   2.0000000e+00  -6.2570799e-01  -9.0231423e-01  -2.6786494e-01   9.8672769e-01  -1.0656901e+00  -6.0305584e-01
   2.0000000e+00   3.1130172e-01   1.2858786e+00  -9.3008196e-01   2.7362066e+00   2.5321166e-01  -1.3655701e+00
   2.0000000e+00  -1.8417586e+00   2.8576861e-01  -9.8148160e-01   7.1736760e-01   1.7505557e+00  -4.4677867e-01
   2.0000000e+00  -1.5445026e+00  -6.4441780e-01  -1.2346346e+00  -5.7295864e-01  -4.1046817e-01   1.4259092e+00
   2.0000000e+00   3.7156589e-02  -6.5828951e-01   1.3719724e+00  -3.7118703e-02  -1.0192155e+00  -5.1673428e-01
   2.0000000e+00   2.0462155e-02  -7.1151729e-01   8.4320508e-01  -3.8500677e-01   5.9221226e-01  -3.5964187e-01
   1.0000000e+00   1.5089134e+00  -2.0756651e-01  -7.8993759e-01  -1.2583817e-01  -1.9090121e-01   1.2990451e-01
   2.0000000e+00   2.3341791e+00   4.6093950e-01  -2.7444450e-01   4.7226664e-01   4.9262821e-01  -4.8794840e-01
   2.0000000e+00   1.0973045e+00  -1.0478700e+00  -2.9530061e-01  -4.8928499e-01   1.4837531e+00  -2.1335294e+00
   1.0000000e+00  -3.3349989e-01  -1.2629578e+00   7.2279249e-01   8.4929535e-02   1.3768094e+00   4.3603026e-01
   2.0000000e+00   6.4959607e-03   1.0303224e+00   4.6404467e-01  -4.5424929e-01   3.4258718e-01  -4.0737739e-01
   1.0000000e+00   1.0881829e+00   2.2507161e-01   9.6459115e-01   8.8950820e-01  -3.5451588e-01   2.4237252e-01
   2.0000000e+00   1.3329041e+00   1.7101763e+00  -2.5870234e+00   2.1471889e-01   6.9963611e-01  -3.4679671e-01
   2.0000000e+00  -4.3785336e-01  -6.9371109e-01  -1.2690309e+00  -1.4364524e-01   4.1596525e-01   6.1011816e-02
   2.0000000e+00   1.0860819e+00   9.4528221e-03   1.1156920e-01  -1.0257683e+00  -9.6491991e-01  -8.1347428e-01
   2.0000000e+00  -2.6566641e-01   1.8168383e-01   4.6162773e-01  -5.1284278e-01  -3.2838104e-01  -8.1427630e-01
   2.0000000e+00   1.0615768e+00  -1.0198012e+00   8.0020022e-02  -8.0643342e-01  -5.1138710e-01  -4.3422004e-01
   2.0000000e+00  -1.0738588e+00  -1.0703487e+00   2.0627888e+00   7.6616970e-01   1.3456220e+00  -9.0709367e-01
   1.0000000e+00  -1.3818873e+00  -6.6256395e-01   8.8295181e-01   9.3711424e-01   3.1500976e-01   5.9606016e-02
   2.0000000e+00   8.0429265e-01   2.7641057e-01  -3.4071710e-01  -9.5821384e-03  -9.9526734e-02  -6.1222166e-01
   2.0000000e+00   9.0821605e-01  -6.5253268e-01  -5.4343851e-01  -2.3268764e+00  -1.6062373e+00  -2.6763492e-01
   2.0000000e+00  -7.9106034e-01   9.7060987e-01  -4.7220741e-02  -1.3229917e+00   2.2981511e-01  -7.7245874e-01
   2.0000000e+00   8.9749039e-01  -9.7772406e-01  -1.7521589e-01  -7.2407725e-01   2.3822690e+00  -2.9997929e-01
   2.0000000e+00  -3.4107037e-01   1.3750836e-01   1.3253516e+00   2.4802048e-01  -6.7475895e-01   2.2071340e-01
   2.0000000e+00   4.4042491e-01  -1.1576312e+00   1.5097030e+00  -9.2525682e-01   1.1682515e-01   1.0699903e+00
   2.0000000e+00   1.3126961e+00   5.1014162e-02   1.1351467e-01  -6.7020348e-01   3.8736735e-01  -1.9207343e+00
   2.0000000e+00  -2.3114729e+00  -1.6391455e+00   2.9521474e-01   8.7614308e-01  -1.4655699e+00  -1.9593159e+00
   1.0000000e+00   1.4739524e-01   1.4299571e+00   5.5538753e-01  -4.8145977e-01  -2.2109783e+00   3.6413249e-01
   2.0000000e+00  -1.2465214e+00   2.7039446e-01   7.9302951e-01  -1.1833564e-03   1.6348153e+00  -8.1764716e-01
   2.0000000e+00  -8.8423362e-01  -1.8458469e-01   1.0203433e-01  -5.6060779e-01   1.5753082e+00  -3.3917751e-01
   2.0000000e+00  -5.1927434e-01   5.5651352e-01  -1.1873042e+00   3.5419582e-01  -2.5926485e-01   1.5908390e+00
   2.0000000e+00  -1.6719472e+00   1.0557117e+00   5.7423655e-02   3.1373032e-01   5.9158054e-01  -3.3081086e-01
   1.0000000e+00   1.3107843e+00   6.9880286e-01  -7.4847035e-01   7.7407423e-01   2.6877977e-01   2.8525957e-01
   2.0000000e+00  -5.0431265e-01   1.9344856e-01  -6.6301191e-02  -4.0436190e-01  -1.0014899e+00  -8.8372331e-01
   2.0000000e+00  -4.6875142e-01   4.1571149e-01  -1.7870980e+00   1.3910507e+00   1.9224216e+00   1.7393496e+00
   2.0000000e+00  -3.9134952e-03  -1.5587361e-01  -2.8467379e+00  -3.9646183e-01  -2.1849773e+00  -7.7426057e-01
   2.0000000e+00   7.5354613e-01  -7.0804152e-01  -9.4604740e-01   3.7342522e-01  -1.0080582e+00  -3.3477904e-02
   2.0000000e+00   1.9706437e-01   1.0562249e+00  -2.4386599e-01   1.1866358e-01  -9.7020341e-01  -4.7245660e-02
   2.0000000e+00   4.1468927e-01   1.1021278e+00   1.4351587e+00   3.3899311e-01   1.5721614e+00   1.2248126e+00
   2.0000000e+00  -6.2625454e-01  -5.1734964e-01   1.6332460e+00   4.3530764e-01   2.1202413e-01  -1.5908537e-01
   2.0000000e+00   7.2035298e-01   1.2692123e-01  -1.1317306e+00  -1.3846773e+00   1.5290461e+00   6.6267045e-01
   1.0000000e+00  -1.1660188e+00  -8.8864494e-01  -5.6479780e-01   9.4983459e-01  -6.2385781e-01   5.3148729e-02
   2.0000000e+00  -6.3286691e-02  -5.0947428e-01   1.9707069e+00  -8.1212738e-01   1.0810834e+00  -7.9023756e-01
   2.0000000e+00   2.2386466e-01   2.2590129e-01  -8.9910199e-01  -5.8078831e-01  -5.0434060e-01  -4.1505099e-01
   2.0000000e+00   2.2025351e+00  -7.0911725e-01  -1.4070798e+00   1.0212300e+00  -8.9885802e-02   1.4419197e+00
   2.0000000e+00   2.4953750e-01   1.0327918e+00   1.3413558e+00   6.6392017e-02   7.9209567e-01  -7.6445121e-01
   2.0000000e+00  -1.8656591e-01  -1.5159087e+00  -9.7235175e-01   6.8661312e-01   2.4654643e-01  -1.7398102e+00
   2.0000000e+00   5.8273678e-01  -1.3967446e+00  -3.2425525e-01   8.9291449e-01   2.4593496e+00   1.6676895e+00
   1.0000000e+00  -1.5253880e+00  -6.5189057e-01  -7.4020107e-02  -8.3105754e-01  -1.3409883e+00   5.2459641e-03
   2.0000000e+00   1.1987317e+00   4.5722944e-01   9.5704559e-01   8.5700747e-01   6.5264729e-01  -3.3819560e-02
   1.0000000e+00   2.9949546e-01   9.0722828e-01  -5.3220927e-01  -6.7747473e-01  -1.5400953e+00   1.3209208e-02
   2.0000000e+00   1.6374744e+00   9.0403053e-01   8.6991153e-01  -1.8918959e+00  -4.1981143e-02   1.6164173e+00
   2.0000000e+00   8.8129608e-02  -1.5847817e-01  -3.9742883e-01  -8.9609279e-01  -4.5749536e-01  -3.8093151e-01
   2.0000000e+00  -7.7234260e-01   4.7530731e-01   7.0382063e-01   3.2915684e-01  -5.6888831e-01   9.7279999e-01
   1.0000000e+00  -8.1032395e-02   8.7921362e-01   3.8396003e-01  -4.6353464e-01  -3.0976732e-01   2.2204478e-01
   2.0000000e+00   1.0537964e+00   2.9649601e-02   2.9809426e-01  -1.9672275e+00   5.6836850e-01  -1.0103660e+00
   2.0000000e+00  -1.9108025e+00   1.0075924e+00   9.4956631e-01   3.1630540e-01   3.8827323e-01  -1.0657247e+00
   2.0000000e+00  -1.0374354e+00   5.9737923e-01  -1.9379530e+00  -8.7288019e-01  -8.6779227e-01   3.4456084e-02
   2.0000000e+00  -1.9423506e+00   1.2416785e-01   1.2934280e+00   1.0854164e+00   7.5667508e-01  -2.0820481e+00
   2.0000000e+00   1.1987536e+00   8.3539672e-01  -5.9954050e-01   7.7955632e-01   1.1628921e+00   8.0681348e-01
   2.0000000e+00   1.9968817e-01  -3.1560821e-02  -6.2064688e-01  -3.2927636e-01  -2.5827175e-01  -1.3225995e+00
   2.0000000e+00   2.5106722e-01   3.1820750e-01  -2.0107591e-01   5.5630410e-01   6.9881979e-01   1.0835822e+00
   2.0000000e+00  -7.7951635e-01   1.1054500e+00  -4.9153184e-02   1.3933506e+00   1.0557241e+00   1.1415126e+00
   2.0000000e+00   3.2022743e-01  -1.1276579e+00  -9.6179516e-01   1.0255270e-01   6.9587317e-01  -3.5825801e-01
   2.0000000e+00  -5.3995636e-01  -1.8042358e-01   1.8911634e+00  -4.2882619e-01   1.2904024e+00  -1.6562799e+00
   1.0000000e+00  -4.5439649e-01  -2.2706057e-01   3.1529147e-01  -8.3213684e-01   4.0415298e-01   2.7994254e-01
   2.0000000e+00  -7.4716995e-01  -6.0028606e-01   9.7131789e-01  -1.7505273e+00   1.3816109e+00  -7.3166415e-02
   2.0000000e+00   8.0981850e-01  -9.3897905e-01   6.6988557e-01  -1.5759701e+00   4.5209965e-01  -3.4555443e-01
   2.0000000e+00  -5.2514633e-01   6.7845594e-02   1.6449267e+00   7.5032478e-01   8.5763544e-01  -1.2255683e+00
   2.0000000e+00   4.6899717e-01  -6.8147567e-01  -4.4106200e-01   4.9849427e-01  -3.6999523e-01  -5.6708907e-01
   2.0000000e+00   1.2432238e-01  -1.4074453e+00  -7.7410644e-01  -3.2865653e-01  -8.2419736e-01  -1.0942170e+00
   2.0000000e+00  -2.2318528e-01   4.8481584e-01   6.1057709e-01   8.9475583e-01   4.4706261e-01  -3.7626142e-01
   1.0000000e+00   2.2689595e-01  -1.1074825e+00   5.1748896e-02  -1.9240921e-01   2.0619028e+00   9.9699445e-02
   2.0000000e+00  -6.7286945e-01  -3.1971224e-01  -3.0192970e-01  -4.9263695e-01  -7.4483102e-01   9.8562339e-01
   2.0000000e+00  -1.0870651e-01   2.5516126e-01  -5.0889051e-01   1.1394158e+00   9.8980718e-01  -1.6812834e-01
   2.0000000e+00  -5.0049972e-01  -7.9077331e-01   1.3070552e+00  -7.3271326e-01   1.6287011e-01  -1.2958974e+00
   2.0000000e+00   1.8061273e-01   3.4012479e-01   3.6156823e-02   6.7813681e-01   5.5066249e-01  -1.7323056e+00
   2.0000000e+00   6.6517591e-01   1.0202050e+00   2.2165387e+00   4.8944933e-01   1.1209613e-01  -4.8005318e-01
   1.0000000e+00  -2.0811897e+00   2.2950689e+00  -4.1097415e-01   8.3701434e-01  -1.0354420e+00   4.4546725e-01
   2.0000000e+00   8.0048049e-01  -9.9025448e-01   1.5875404e+00   3.3824517e-01  -1.7407338e+00   5.0637462e-01
   2.0000000e+00  -3.4583135e-01  -1.7175409e+00  -1.0204930e+00  -1.8075981e+00  -8.6206744e-02  -4.7700982e-01
   2.0000000e+00  -9.4976384e-01  -1.1246267e+00   9.7178601e-01  -3.8102032e-01   1.0371652e+00  -4.1769085e-02
   2.0000000e+00  -1.3537380e+00   8.9519978e-02   1.2288071e+00   1.6642775e+00   7.2309358e-01  -3.3471731e-01
   2.0000000e+00  -6.4953082e-01  -3.6251224e-01  -6.5217332e-01  -8.7340470e-02  -9.1916310e-01   1.1911834e+00
   2.0000000e+00  -7.7551931e-01   8.4577228e-01   3.4821658e-02  -8.0105025e-01  -2.6824427e-01  -3.2307464e-01
   2.0000000e+00  -8.9616838e-02  -1.6099983e+00   9.0919403e-01  -1.7349933e+00  -1.2143502e+00  -6.8913769e-01
   2.0000000e+00  -1.3776296e-01  -3.1654640e-01  -8.8722335e-01  -1.1457190e+00  -9.0513521e-02   5.7125192e-01
   2.0000000e+00   1.5407020e+00  -4.4861550e-01   8.8615740e-01   2.2795208e-01  -1.4368471e-01   6.5917823e-01
   2.0000000e+00   1.0617829e+00  -3.3932971e-01  -3.7131672e-01  -1.3378889e-01  -1.0851611e+00  -1.0122487e+00
   1.0000000e+00  -1.2013024e+00  -5.2382993e-01  -5.5018305e-01  -5.0958469e-01   1.8795919e-01   3.7240356e-01
   2.0000000e+00  -2.3188344e+00   2.3589975e+00   8.0826273e-01  -1.6526703e+00  -4.7795701e-01   7.9237961e-01
   2.0000000e+00  -2.0321626e-01   2.6395777e-01  -1.4920444e+00   6.6299056e-02   1.1094337e+00  -2.0984841e+00
   1.0000000e+00   1.6564903e-01  -7.1838341e-01   3.7255091e-01  -8.2897436e-01  -1.0572779e+00   6.7856105e-01
   2.0000000e+00  -2.0011485e-01   4.7841053e-01  -1.4282143e+00   1.0729314e+00   4.6723741e-01  -3.0843356e-01
   2.0000000e+00   1.4422364e-01   1.1863378e+00   7.5217554e-01  -5.8909100e-01  -2.2392569e+00   1.8363494e+00
   2.0000000e+00  -5.4255892e-01  -1.0163550e+00   3.6551620e-01  -2.3587103e-02   2.9913429e-01  -1.5499428e+00
   2.0000000e+00  -5.8421992e-01   4.5002600e-01   3.4222997e-01   6.0289524e-01  -7.9404097e-02  -9.2052771e-01
   2.0000000e+00   1.3049424e+00  -4.9823739e-01   6.6040573e-01  -6.1061216e-01   7.5242103e-01   1.2032778e+00
   2.0000000e+00   3.2366814e-01  -6.3664759e-02  -1.4014401e+00   7.5189065e-01  -9.3434969e-01   8.1959966e-01
   2.0000000e+00   3.3931681e-01   2.4590871e-01   1.8553605e+00   4.1954385e-01   5.3924233e-01  -8.9749808e-02
   2.0000000e+00   2.0961131e+00   7.3993360e-03  -9.3279331e-01  -1.9013173e+00  -8.7287243e-01   6.6571817e-01
   2.0000000e+00  -1.8784477e+00   4.3262826e-01  -1.4258118e+00  -1.6027162e+00  -1.3379306e-01  -8.7570169e-01
   2.0000000e+00   3.4503038e-01   7.6875680e-02   7.1692486e-01   1.7989468e+00  -1.7783603e-01  -3.6913826e-01
   2.0000000e+00   9.6302029e-01   2.2189503e+00   1.4088916e+00  -4.9043701e-01   1.2041172e+00  -1.2014223e+00
   2.0000000e+00  -8.2872905e-01   9.6810078e-01  -4.1172459e-01  -1.8984883e+00   9.4388942e-01  -5.3370506e-01
   2.0000000e+00   7.5536372e-01  -7.2012089e-01   1.4236864e-02   4.1390182e-01  -1.4997011e+00  -1.8930081e+00
   2.0000000e+00  -2.7139823e-01   7.0822156e-01  -1.3716802e+00   2.1589257e-01   1.3000655e+00  -5.0582465e-01
   2.0000000e+00  -2.0519722e+00  -9.6016325e-02   1.5193423e+00  -1.2236000e+00   1.7251951e+00   7.2438790e-01
   2.0000000e+00   1.6342068e+00  -1.6472688e-01  -1.4271529e+00  -9.9065861e-01   1.5465945e+00  -1.8216541e-01
   2.0000000e+00  -4.4373807e-01  -3.1758419e-01  -1.2967594e-01  -2.0427440e+00   6.9725887e-01   1.3869021e+00
   2.0000000e+00   9.9416013e-01   8.3894267e-01   1.6962785e+00   6.2046722e-01  -3.6827258e-01  -7.6427944e-01
   2.0000000e+00   1.1152284e+00   1.1199689e+00  -5.9355300e-01   5.2250504e-01   7.5021339e-01   8.1276345e-01
   2.0000000e+00  -2.5736882e-01  -2.3980051e-01   3.7951602e-01   2.4904849e-01   2.0699214e-01   2.7715654e+00
   2.0000000e+00  -2.8058430e+00   5.9630233e-01   2.7299061e-01  -2.2445817e+00  -1.3085364e+00  -1.3624160e+00
   2.0000000e+00   1.6922374e+00   1.5566009e+00  -4.0666430e-01  -1.8633540e-02  -1.8233969e+00   1.5695326e+00
   2.0000000e+00  -1.1870967e+00   2.3657240e+00  -2.4212564e+00  -1.0660708e+00   7.9530612e-01  -5.7883543e-01
   2.0000000e+00  -4.9208225e-01  -2.6558723e+00   5.0046685e-02  -5.2725688e-01   7.4352660e-01   1.4263945e+00
   2.0000000e+00   9.2261595e-01  -4.3766289e-01  -1.2185794e+00  -2.6068443e-01   5.3979567e-01   2.3435573e+00
   2.0000000e+00   2.7649007e+00   5.3637176e-01   1.7810665e-01  -1.3771709e-01   5.0233097e-01  -1.1739253e+00
   2.0000000e+00   1.0303816e+00  -4.2735356e-01  -2.8785775e-01   1.0663849e+00   8.2381044e-01  -7.6635868e-01
   1.0000000e+00   5.2882615e-01   2.5383667e-01  -7.0821384e-01  -8.4010272e-01   3.0415364e-01   7.0777081e-02
   2.0000000e+00   8.7981640e-02  -1.3430567e+00   7.9002257e-01  -1.0150041e+00   1.4447056e+00   1.2697153e+00
   2.0000000e+00  -9.6003817e-02  -1.1701399e+00   6.7919953e-01   1.3325149e+00  -1.4697305e-01  -6.3848959e-01
   2.0000000e+00  -2.7334153e+00  -7.4633250e-01   9.2966944e-01  -4.9668406e-01  -8.1990477e-01  -3.9795207e-01
   2.0000000e+00   1.0038268e-01  -1.0602934e+00   7.4738245e-01  -1.9342865e+00   3.3392040e-01  -2.0919156e+00
   2.0000000e+00   4.6861387e-01  -8.1116204e-01  -1.0918452e+00   1.8120525e+00  -1.5853699e+00  -2.3474105e-01
   2.0000000e+00  -1.1938986e+00   3.0115002e+00   6.6496920e-01   3.7819634e-01  -6.1653371e-01   1.3801659e+00
   1.0000000e+00   1.6999727e+00  -9.3685114e-01  -1.1722252e-01   1.4370538e+00   7.7360900e-01   1.8183833e-02
   2.0000000e+00  -8.7420549e-01  -2.1705086e-01   1.6404414e+00  -4.9620679e-01  -1.2008646e+00  -5.9638929e-01
   1.0000000e+00  -1.4346171e+00   8.1829184e-01  -4.2677931e-01   8.9311686e-01   3.7501991e-01   2.4187191e-01
   1.0000000e+00  -8.0719996e-01  -3.9158465e-01  -9.2283414e-01   9.4721305e-01   4.3981854e-01   3.4962634e-01
   2.0000000e+00  -6.0405042e-01   6.8453538e-01  -4.3214537e-01  -1.4106632e-01   4.7770630e-01  -6.6244619e-01
   2.0000000e+00  -6.3874868e-01  -2.2754386e+00  -6.0958473e-01  -2.7790658e-01  -8.7263255e-01  -2.4315385e+00
   2.0000000e+00  -3.0142241e-01  -1.6161019e-01  -1.4941879e+00   8.5068897e-02  -5.4020528e-01  -1.3788628e+00
   2.0000000e+00  -9.2733000e-02  -2.8508862e-01  -1.0264274e+00  -9.3656101e-02  -2.3616541e-01  -1.0000634e+00
   2.0000000e+00   1.0952739e+00  -6.7769848e-01   3.8467902e-01  -6.1875465e-01   9.6834040e-01  -1.1366196e+00
   2.0000000e+00  -1.1428329e+00   1.9378425e-01   1.0743322e+00  -7.1427572e-01   5.4739084e-01   5.2045413e-02
   2.0000000e+00  -1.4480142e-02   1.0579927e+00   6.5439216e-01   4.1019225e-01   3.0937790e-01   1.0309824e+00
   1.0000000e+00  -1.3668051e-01  -1.8710842e-01  -5.7038119e-01  -4.3337682e-01  -4.2195557e-01   1.4948768e-01
   1.0000000e+00  -1.7809852e-01   7.3924423e-01  -7.1389047e-01  -4.4596692e-01   1.5456017e+00   7.9542191e-02
   2.0000000e+00   3.7256706e-01   4.1699385e-01  -1.0936449e+00   8.9871005e-02   4.5619966e-01   8.6431206e-01
   2.0000000e+00  -6.9204907e-01  -1.0745696e+00  -1.0615172e+00   3.7424270e-01  -8.5325392e-01   2.2511183e-02
   2.0000000e+00  -1.0463777e-01   1.0281809e+00   4.2591646e-01   4.3980988e-01  -1.1035069e-01  -1.3759522e+00
   2.0000000e+00  -1.6339593e+00   3.0059237e-01   1.2634455e+00  -8.8660189e-01  -7.6223341e-02  -1.6979169e-01
   1.0000000e+00  -5.4845944e-01   2.1586042e+00   1.7226324e-01  -2.2573850e-01   3.4817890e-01   3.2274626e-01
   2.0000000e+00   3.0306879e-01   9.8512988e-01  -1.1478554e+00  -9.5167838e-01  -7.0191185e-01   1.4528343e+00
   2.0000000e+00   1.0600808e+00   1.1974675e-01   1.0912746e+00  -2.4659002e-01   5.5392936e-02  -9.0611554e-01
   2.0000000e+00   2.3612110e-01   1.2153651e-01   4.5513714e-01   2.1977834e+00   1.6667136e-01  -3.5419493e-02
   2.0000000e+00  -3.3102529e-01   1.2597528e+00   1.5962475e+00   2.8869978e-01  -1.8555513e+00  -1.6136781e-01
   2.0000000e+00   9.1508666e-01  -4.9232929e-01  -1.1169818e-01  -4.0159606e-01   8.0245789e-02  -5.7711091e-01
   2.0000000e+00   7.9150700e-01   3.1367785e-01  -2.1278692e-01  -9.2730965e-01  -3.2271017e-01   1.4680380e+00
   1.0000000e+00  -2.2675082e-01  -8.4836521e-01  -3.5988160e-02   1.6287824e-01  -3.7553492e-01   3.9550383e-01
   2.0000000e+00  -1.7228367e-02  -1.0327525e+00  -8.2735961e-01   4.7337751e-01  -3.0486447e+00  -3.0779763e-01
   1.0000000e+00  -7.5670440e-01   1.6718763e-01  -1.8816282e-01   1.3662496e+00  -6.7266135e-02   3.1279761e-01
   2.0000000e+00  -4.2125530e-01   8.8447937e-01  -1.4038094e+00   2.1258320e-01   2.2347622e-02  -4.8597855e-01
   2.0000000e+00  -2.1159489e-01   6.0207820e-01  -5.6957884e-01   1.0530301e-01  -5.0288961e-01   9.3010474e-01
   2.0000000e+00   7.9011062e-01  -1.5470371e+00  -3.2840114e+00  -9.7453408e-01   2.9873338e-01   1.7470335e-01
   2.0000000e+00   9.2530610e-01  -8.9088998e-03   3.7547778e-01   5.1268920e-01   5.7917773e-01  -2.9685662e-01
   2.0000000e+00   1.8655875e-01  -1.2274970e+00   9.8459755e-01   7.1541725e-01  -6.8074557e-01  -1.3292897e+00
   2.0000000e+00   1.0908954e-01  -5.2815168e-01  -1.8163143e+00   5.5861956e-01   1.1220290e-01   1.9746335e+00
   2.0000000e+00   3.6149383e-01   3.0967735e-01  -8.3702231e-01  -7.6189950e-01  -1.3556758e+00  -1.8237691e-01
   2.0000000e+00   8.0357646e-02   6.0473604e-01   3.1774320e-01   3.5845875e-01  -2.0750851e-02  -1.7530077e+00
   2.0000000e+00  -1.6565796e+00   4.0988178e-01  -6.1108992e-01  -2.5681869e-01   1.1598841e+00  -1.0053041e+00
   2.0000000e+00   3.5302488e-01   1.5022685e+00   2.6341404e-01  -3.8409835e-01   6.5346035e-01   1.3607667e+00
   2.0000000e+00   3.0034365e-01   1.3121432e+00   8.5910045e-01  -1.4657397e-02   1.8207599e+00  -5.1930360e-02
   2.0000000e+00   2.4014519e-01   5.0145317e-01   4.5060014e-01   4.0604721e-01   1.1842654e-01  -1.5612510e-01
   2.0000000e+00  -2.1671562e+00   3.5857527e-01   1.0210085e+00   3.9252949e-01  -5.0258981e-01   3.5940910e-01
   2.0000000e+00   1.6333449e+00   1.0160085e+00   1.3656008e+00  -1.9423952e-01  -2.8887632e+00  -7.4135578e-01
   2.0000000e+00  -1.0150212e+00  -1.0791345e-01   1.2222439e+00  -5.4604184e-02   8.3791283e-03  -1.1026656e-01
   1.0000000e+00   1.7606108e+00   2.0943656e+00   3.7865365e-01   1.2318577e-01   5.8389613e-01   3.5108665e-01
   2.0000000e+00  -5.2163651e-01  -1.1249395e+00  -1.5443574e+00   1.7971468e-01  -6.0425877e-01   9.6906932e-01
   2.0000000e+00  -2.3835998e-01  -4.3518599e-01  -1.3120309e+00  -5.9792973e-01   2.1908083e+00   7.2388550e-01
   2.0000000e+00  -6.9428097e-01  -1.2472142e+00  -1.7198536e-01  -2.1026899e-01  -3.1666152e-02  -5.8416577e-01
   2.0000000e+00  -2.2215690e-01  -6.4857038e-01   1.9945929e-01  -7.0134335e-01  -1.0070810e+00  -1.4791685e+00
   2.0000000e+00  -4.0864533e-01   4.0299746e-01   2.5902224e-01  -8.3511224e-01   1.3900107e-01  -9.8153965e-02
   2.0000000e+00  -4.3215176e-01  -1.7740819e+00  -1.1161120e+00   3.1228765e-01  -8.9187380e-01   2.9054458e-01
   1.0000000e+00  -5.0720840e-01   6.5007380e-02   3.1589872e-01  -1.3810645e-02  -1.8986448e+00   7.5163262e-01
   2.0000000e+00   5.2310186e-01   5.4181302e-01   9.3564727e-01  -3.7786955e-03   2.0606352e+00  -1.0586106e+00
   2.0000000e+00   4.0725264e-01   9.4072555e-01   1.6401178e+00  -7.4153730e-01   1.5714696e-02  -4.7188882e-01
   2.0000000e+00   7.9234642e-01   9.0019821e-01   1.4162432e+00  -2.1423593e-01  -2.2635577e-01   9.7717395e-01
   2.0000000e+00  -2.9153421e-01   4.7904237e-01   2.7459540e-01   8.3231519e-01   7.2174311e-01  -6.9105602e-01
   1.0000000e+00   1.4087619e+00   5.7015517e-01  -9.4444750e-01  -7.5392016e-01   5.2016734e-01   7.3981056e-02
   2.0000000e+00  -1.3101548e+00  -3.4962397e-01   1.8725582e+00  -3.0373250e-01   8.7357625e-01  -2.4585430e-01
   2.0000000e+00   8.4132695e-01  -2.3161830e-01  -4.5877650e-01   1.6806246e-01  -4.4227385e-01  -7.4172527e-02
   2.0000000e+00  -5.5423338e-01   4.5375787e-01   7.8002341e-01   8.1298265e-01   2.6053712e+00   1.7265364e+00
   2.0000000e+00  -6.5335901e-01   1.9868340e+00   5.5122693e-01   4.7886514e-01  -1.4045188e+00   1.6261490e+00
   1.0000000e+00  -8.6027298e-01   1.1352545e+00  -4.2317065e-01  -9.7517396e-02  -1.8294998e+00   2.4516261e-01
   2.0000000e+00  -7.9979519e-01   4.5165654e-02   1.6332139e+00   2.1523429e-01   5.3707559e-01   1.2455777e+00
   2.0000000e+00  -3.1682186e-01  -7.7839912e-01  -1.1955730e+00  -1.9290351e+00  -4.2091597e-01   1.1233876e+00
   2.0000000e+00   1.8959374e+00  -9.7652040e-01  -7.9600630e-01  -4.8648703e-01   4.4520543e-01  -6.1326688e-01
   2.0000000e+00  -6.1662939e-01  -8.3463856e-01   1.2366886e-01   3.9092494e-01   9.3246294e-01  -2.3496107e-01
   1.0000000e+00   1.1395266e+00  -6.0636672e-01  -3.6936550e-01  -5.9219398e-01  -8.1872597e-01   9.0320273e-02
   2.0000000e+00  -3.4322849e-01   2.2293894e+00   5.5718934e-01   3.8587544e+00   1.5588883e+00   1.7905530e+00
   2.0000000e+00   4.4711170e-01   1.6564229e+00  -2.0653566e+00  -3.6105443e-01  -3.0839245e-01   8.8128976e-01
   2.0000000e+00  -2.6051578e-01  -2.3686847e+00  -5.6526426e-01   8.4175802e-02  -1.8416536e+00  -8.2551575e-01
   2.0000000e+00  -2.4019897e+00   3.4387013e-01  -9.6011761e-01  -2.1753609e-02   4.1206324e-01  -1.0941267e+00
   2.0000000e+00   1.1175059e+00  -3.8360717e-01   1.5538827e+00   1.3510258e+00   5.5027805e-01  -6.9643691e-02
   2.0000000e+00  -4.6810133e-01   1.3497048e-01   5.9394863e-01  -1.5378093e+00  -6.2668336e-01  -1.5374814e-01
   2.0000000e+00   9.2417943e-01  -2.2639121e-01   1.8674488e+00   2.8233368e-02   1.1145127e+00   1.1850606e+00
   2.0000000e+00   1.1974839e-01   9.7827892e-01  -3.7635879e-01   9.0614650e-01  -4.3631227e-01  -7.4291359e-01
   2.0000000e+00  -8.6243238e-01   4.2384251e-01  -6.3139342e-01   2.6812751e-01   1.3340866e+00   1.7249685e+00
   1.0000000e+00  -2.0122281e+00  -8.1807983e-01   3.4224733e-01  -1.1595763e+00  -2.5245831e-01   7.9014180e-01
   2.0000000e+00   3.3672872e-01  -5.2153238e-01  -1.1504256e+00   3.8917769e-01  -1.7281869e-01   1.3036905e+00
   2.0000000e+00   8.0713198e-01  -1.4194801e-01   7.9913983e-01   1.3461558e-01  -2.5536809e-01   1.4093920e+00
   2.0000000e+00  -2.9770200e-01   8.7314403e-01  -6.9706823e-01   1.3162961e+00   2.0868840e-01   1.9387502e+00
   2.0000000e+00  -1.4115176e-01  -3.9219490e-01  -2.6067344e-01   1.9573644e+00  -7.2260099e-01  -6.4457047e-02
   1.0000000e+00  -1.4544348e+00  -1.3164224e-01   9.5543736e-02  -7.7350570e-01  -1.8419700e-01   9.8645869e-01
   2.0000000e+00  -1.7093971e+00  -1.7835554e+00  -9.7587506e-01  -1.6321164e-02   6.9181748e-01  -1.7629862e+00
   2.0000000e+00   8.8019319e-02   9.1947007e-02   4.9308902e-01   6.3665027e-01   5.1529385e-01  -2.7689622e-01
   2.0000000e+00   1.3334637e+00   5.2644227e-01  -5.6925314e-01  -1.0302629e+00   3.1397216e-01  -1.7342801e-01
   1.0000000e+00  -7.8427969e-01   6.1631020e-01  -5.2442633e-01  -1.0458979e+00   6.5843442e-01   5.7760462e-02
   2.0000000e+00  -3.1821767e-01   1.0618781e+00  -3.2872721e-01  -5.4192879e-01   3.3984250e-01  -1.5628645e-01
   2.0000000e+00   2.1290453e-03   1.2541456e-01  -2.0712378e+00   7.2459533e-01   7.0277833e-01  -1.1410654e+00
   2.0000000e+00  -4.5930685e-01  -1.4859825e+00  -4.4195611e-01  -1.2533946e+00   1.5163429e-01   2.0766128e+00
   1.0000000e+00  -4.0489162e-01   3.4291528e-01  -5.8569688e-01  -9.7738303e-02  -5.2823625e-01   2.9997527e-02
   2.0000000e+00  -7.8461931e-02   1.2284729e+00   1.0356852e+00  -6.6652466e-01  -9.1474485e-01   1.8313088e+00
   2.0000000e+00   1.0183316e+00   2.9469266e-01   5.9082595e-01  -2.7220788e-01   1.9595439e-01  -5.0709268e-01
   2.0000000e+00   8.6025859e-01  -6.1009952e-01   3.5056779e-01  -6.7907583e-01   6.9741893e-01  -7.8064505e-01
   2.0000000e+00  -1.0267916e-01   1.3290561e+00  -1.1314284e+00  -6.4432088e-02   1.1382557e+00  -1.1691475e+00
   1.0000000e+00   4.2163890e-01   4.7951256e-01  -4.9384319e-02  -1.1493350e+00   1.5232511e+00   1.2040286e-01
   2.0000000e+00  -1.0940632e-03   1.3447523e+00   3.2140356e-01   1.3430051e+00  -9.5717060e-01   1.9990856e+00
   2.0000000e+00   4.5028033e-01  -1.5117169e+00  -1.5525410e+00  -3.2537373e-01   7.2648219e-01   5.0902830e-01
   2.0000000e+00   1.7121779e-01   8.6788105e-01  -9.8807240e-01  -4.7000964e-02   5.8899886e-01   3.9284060e-01
   2.0000000e+00  -1.1310866e+00   8.2189385e-01  -1.2061332e+00   6.3655751e-02   1.1030952e+00   1.4180433e-02
   2.0000000e+00   1.9317285e-01   2.0668806e+00  -1.5632327e+00  -9.7331775e-01  -1.3975896e-01   1.2699462e-01
   2.0000000e+00   5.1351060e-01   2.2645342e-02   1.2039761e+00   7.2316575e-01  -5.1150252e-01   2.2277687e-01
   2.0000000e+00   1.1209973e+00  -8.6073291e-01   1.2119967e+00   6.4529182e-01   1.0761127e-01   8.4549340e-01
   2.0000000e+00  -5.3589963e-01   2.1900580e+00  -6.1032099e-01  -2.8974826e-01  -2.7275088e-01  -4.6796734e-02
   2.0000000e+00   4.8765966e-01  -4.2374972e-02  -2.9897213e-01   6.7834440e-01  -1.9773653e-01   1.4964810e+00
   1.0000000e+00   5.6260380e-01  -3.6534140e-01   2.9301883e-01   1.4935674e+00  -1.7149316e-01   2.3882539e-01
   2.0000000e+00   1.7423419e+00   1.0122901e+00   2.3809969e-01  -9.4437463e-01  -1.1538138e-01  -6.6502755e-01
   1.0000000e+00  -2.1544340e-01   1.4440177e-01  -5.1050621e-01  -9.7833060e-01  -1.3812497e+00   2.1985274e-01
   1.0000000e+00  -1.4887279e+00  -3.8630504e-01   4.0061849e-01  -9.6347976e-02   3.8741096e-01   1.3609111e-01
   1.0000000e+00  -1.1512747e+00   2.7462714e-01  -2.4858884e-01   5.9375690e-01   6.1142227e-01   4.8737649e-01
   2.0000000e+00   9.7612499e-01   1.2031959e+00  -1.3088950e+00   8.9279802e-02   7.6105657e-01  -1.0540109e+00
   1.0000000e+00   1.4418423e+00   2.1164326e-01   8.3436560e-01  -2.5570238e-01   5.4051115e-01   4.2494613e-02
   2.0000000e+00   2.5726479e-01   3.8584775e-01   4.4039647e-01  -3.6454586e-01   1.2561163e+00   1.6071281e+00
   2.0000000e+00  -6.1005799e-01   1.0001705e+00  -1.4614886e+00   1.5313573e+00   1.2648223e+00   4.2082958e-01
   2.0000000e+00  -1.8077993e+00   9.3556000e-01   3.3963189e-01  -1.6633729e+00   1.6295566e+00   1.6578729e+00
   2.0000000e+00   6.3563459e-01   6.3308729e-01   2.3671302e+00  -7.3896117e-02  -7.1676612e-01  -1.0460334e+00
   2.0000000e+00  -3.5020814e-01   4.4569914e-01  -9.1210979e-01  -2.7001054e-01  -9.3745038e-01  -9.6300958e-02
   2.0000000e+00  -2.8592903e-02   4.0458279e-03  -5.2269100e-01  -7.5318826e-01  -2.9541425e+00  -9.6421347e-01
   2.0000000e+00   9.4000723e-01  -9.0444358e-01  -3.0729343e-01  -1.1420989e+00   1.6028997e-01  -4.2141597e-01
   2.0000000e+00  -1.7143200e+00  -2.9924692e-01   1.5836698e-01  -2.7387318e+00  -7.7463447e-01   1.7805066e-01
   2.0000000e+00   2.2553314e+00   8.2127666e-01   5.7030122e-02  -5.6806506e-01   1.2719780e-01   1.2299777e+00
   2.0000000e+00   1.2496271e+00  -7.5739418e-01  -2.9286091e-01  -4.7532995e-01  -2.5699393e-01  -7.2583488e-01
   2.0000000e+00   2.1013979e-01   1.2831778e-01  -1.1207616e+00   8.3825919e-01   1.2642646e+00   4.1832340e-01
   1.0000000e+00   1.2944110e-01  -9.8561613e-01  -9.5110764e-01   7.4979432e-01   5.2951687e-01   1.6558659e-01
   1.0000000e+00  -3.3897356e-01  -2.3415812e+00   3.5758289e-01  -1.1916716e-01  -9.6200536e-01   8.4827217e-01
   2.0000000e+00   2.3580733e+00   6.6344021e-01   2.3987062e+00   1.6394638e+00   3.1507826e-01  -5.7342104e-01
   2.0000000e+00   5.6120600e-01   1.2233036e+00  -9.2660393e-01  -7.2629182e-01   7.2995958e-01   8.4676230e-01
   2.0000000e+00   5.8646280e-01   6.1117991e-01   2.0772046e+00  -6.2060550e-01  -9.3669117e-01  -7.0330343e-01
   2.0000000e+00  -7.2173270e-01   8.4546218e-01   1.2795365e+00   1.1739556e+00  -1.8330715e-01  -1.2694194e+00
   2.0000000e+00   7.2411762e-01  -4.1623055e-01  -2.3202446e+00   6.5603064e-01  -2.4466332e-01   7.0108339e-01
   2.0000000e+00   3.9367135e-01   1.4034971e+00  -1.1027911e-01   1.5717340e+00  -5.4677833e-01  -1.1061215e+00
   2.0000000e+00   2.1629109e-01  -8.6585696e-01  -1.7410065e+00  -8.1605396e-02  -6.8329067e-01  -1.7485877e-01
   2.0000000e+00   6.2574160e-01  -4.8287523e-01   1.3700615e+00   2.3437047e-01   1.4349350e+00  -1.4289204e+00
   2.0000000e+00  -1.6161128e+00  -2.7462194e-01   1.1341387e-02  -5.0746475e-01  -1.0248771e+00  -8.7985646e-01
