   2.0000000e+00  -1.2107688e+00  -3.4513687e-01  -1.8785244e+00  -2.6503969e-01   4.4023266e-03  -1.2923332e-01
   2.0000000e+00   2.0294265e-01   1.7206547e+00   2.8458319e-01   8.0103218e-01  -1.1694117e+00   1.7397519e+00
   2.0000000e+00  -4.0038887e-01  -2.2359202e+00   6.9555664e-01  -6.1305698e-02  -7.9145934e-01   7.2893467e-01
   2.0000000e+00  -8.9605047e-02   3.8386875e-01   1.0911784e+00  -3.6275827e-03   1.0739444e+00  -1.7498039e-01
   2.0000000e+00   2.0109937e+00   1.0645501e+00  -1.0675825e-01  -2.9371386e+00  -5.3230895e-01   6.7152280e-01
   1.0000000e+00  -8.9235382e-01  -4.5756281e-01  -1.5687889e-01   1.5153575e-01   3.7400173e-01   5.9392116e-01
   1.0000000e+00  -9.3450547e-01  -2.6576320e-01   1.6268754e+00   8.0461813e-02   1.2175820e-01  -3.9189126e+00
   2.0000000e+00   8.2503772e-01   9.9976624e-01  -4.9755523e-01   1.7824907e-01   7.2390427e-01  -7.3364641e-01
   1.0000000e+00  -5.7075661e-01  -3.0399134e-01   2.0449021e-01   2.4687617e+00   3.3088638e-01  -5.5742646e-01
   1.0000000e+00  -1.6238496e-01  -2.5711822e-01  -1.7822650e-01   2.4921875e-01   8.9230552e-01   9.0722820e-02
   2.0000000e+00   8.8197989e-01   1.1335503e+00   1.5902148e+00   1.3603338e+00   6.4039650e-01  -1.1482054e+00
   2.0000000e+00  -1.4143028e-01   6.9363371e-01  -6.4824786e-01  -1.5283686e+00  -5.9918418e-01   1.3528730e+00
   2.0000000e+00   4.9914669e-01  -3.5468578e-01  -1.5858760e-02  -2.0179741e+00  -4.5497867e-02   4.9670071e-01
   1.0000000e+00  -2.3968884e-01   6.0162934e-01   5.2611728e-01   2.0911876e+00   3.7108959e-01   9.2386768e-02
   1.0000000e+00  -5.0191956e-01   6.8105185e-01   1.2059679e+00  -3.1151076e-01   7.0619112e-01  -4.1702428e-01
   2.0000000e+00   1.2526949e+00   1.3639839e+00   1.5762277e+00   3.4155855e-02  -9.2929890e-01   1.9205784e-01
   2.0000000e+00  -3.2314248e-02   1.2385786e+00  -1.0494826e+00  -7.7698639e-01  -8.8126224e-01   6.8025401e-01
   2.0000000e+00   2.1436226e-01  -2.6285279e-01  -3.4120404e+00  -1.1522235e+00  -1.7522571e-01  -9.7801357e-01
   2.0000000e+00   6.6439226e-01   4.0517346e-01   3.2133552e-01  -5.6075662e-01  -6.4400062e-01   1.8876379e+00
   2.0000000e+00  -7.4946593e-01   4.4352614e-01   2.3369341e-02  -1.0954925e+00   1.1028213e+00   5.9448895e-01
   2.0000000e+00   1.5876628e+00  -2.0053677e+00  -1.4740279e+00   1.1683211e+00   6.1905203e-01  -6.1062895e-01
   1.0000000e+00  -3.1643458e-01   6.5668534e-01   1.8699155e+00   7.4770703e-01   8.7876686e-01  -1.1886839e+00
   2.0000000e+00  -9.1761597e-01   5.2084723e-01   1.8901414e-01  -3.0045875e-01  -6.1551515e-01  -1.3948605e+00
   2.0000000e+00   1.4625150e+00  -8.8744809e-01   1.6448514e+00  -4.0482309e-01  -4.1724247e-01   1.7004086e+00
   2.0000000e+00  -2.4413458e+00   8.3897787e-01  -2.8824397e+00   1.5485128e-01   1.1655521e+00  -7.4834484e-01
   2.0000000e+00   1.0787270e-01   5.1676614e-01   6.5639458e-01  -6.2996024e-01   1.4251106e+00   5.7458570e-01
   2.0000000e+00  -2.4296762e-01  -2.6196547e-01   7.8158956e-02   7.1608863e-01  -6.1864673e-01   3.9797524e-01
   2.0000000e+00  -1.1200926e+00  -1.6330394e+00  -1.2273809e-01  -6.2030513e-01  -5.3634205e-01  -1.4834136e+00
   2.0000000e+00   1.7014863e+00  -1.4462133e+00  -2.1564234e+00   4.1464815e-01  -7.1160916e-01  -8.4988110e-03
   2.0000000e+00   9.2378428e-01   8.4288325e-02   1.2741069e+00  -2.2415131e-01   6.8193097e-01   5.9020309e-02
   1.0000000e+00   5.5472006e-01  -6.6759019e-01   9.6363274e-01   2.3752691e+00   6.1825365e-01  -5.9080360e-01
   2.0000000e+00   8.2754331e-01  -1.8815606e-01   7.4500771e-02   4.4009235e-01  -6.2566860e-01   1.0162248e+00
   1.0000000e+00   6.7294103e-01   5.5274031e-01  -1.6091110e+00  -4.2165092e-01   2.1347213e-02   3.7067293e-01
   2.0000000e+00  -1.3078502e+00  -1.8601570e+00   3.7556586e-01  -1.4480357e-01   3.8755907e-01   4.6648430e-01
   2.0000000e+00  -2.4045383e+00   2.9390950e-01  -3.8563627e-01   1.0623150e+00  -5.4732039e-01   1.3516839e+00
   2.0000000e+00   6.6384561e-01   1.4714470e-01  -4.5788876e-02   1.0725326e+00   1.6062459e+00   2.9217760e-02
   2.0000000e+00   3.7433148e-01   1.0291951e+00   8.3577932e-01   1.5150777e+00   9.5184445e-01  -8.1351311e-02
   2.0000000e+00   1.3537870e+00   9.2158314e-01  -5.0145465e-01   6.2143790e-01  -5.6889059e-01   9.6429006e-01
   1.0000000e+00  -8.6825121e-01  -1.0281780e+00  -1.2363773e+00   5.9824273e-01   3.6039818e-01   1.4836776e+00
   2.0000000e+00  -5.2730059e-01   1.2308612e+00   5.9991469e-01   9.9932475e-01  -1.2393204e+00  -1.2665719e+00
   2.0000000e+00   1.4973373e+00  -1.3128583e-01   8.4166170e-01   6.0455692e-01  -9.6526406e-01   1.2605292e+00
   2.0000000e+00   7.6157738e-02  -3.1029803e-02   7.1795372e-01  -4.9593186e-02   1.3670355e+00   2.7548711e-01
   1.0000000e+00   4.9834312e-01   1.9014931e-01  -1.6270055e+00   1.3406606e+00   4.0121916e-01   1.1613922e+00
   1.0000000e+00   5.7616625e-01   9.1351161e-02  -9.6694461e-01  -4.0630924e-01   7.3440968e-02  -1.2879841e-01
   2.0000000e+00   1.2678823e+00   7.1889550e-01  -1.0000465e+00  -3.8641711e-01  -1.0267647e+00  -5.8069295e-01
   2.0000000e+00  -6.2132534e-01   7.9181400e-01   4.3338089e-01  -5.0114596e-01  -1.4546130e+00   1.1623433e+00
   1.0000000e+00  -7.5330869e-01   3.5651558e-01   1.0372949e+00  -4.8630331e-01   6.5246874e-01  -6.6025455e-02
   2.0000000e+00   5.4766331e-01   1.2193457e+00   5.4408336e-01  -6.4497579e-01  -7.3549942e-01  -1.3834855e-01
   2.0000000e+00   7.9249025e-01   2.3748949e-01  -1.8945842e+00   1.1915729e+00  -9.9760359e-01  -1.7387258e+00
   2.0000000e+00  -8.9608928e-01  -7.2904084e-03  -4.8449630e-01  -1.2459551e+00   2.4734444e+00   1.6357072e+00
   2.0000000e+00   4.8466667e-01  -8.8303199e-01   2.5051968e-01  -2.5327091e-01  -1.3640589e+00   1.1744843e+00
   2.0000000e+00   1.2602983e+00   2.9081144e-01  -9.7151595e-02   4.4372552e-01   2.1378496e+00   1.0213370e+00
   1.0000000e+00  -3.1607788e-01  -6.4525490e-01   3.4983126e-01  -3.6187673e-01   1.4166257e-01  -2.1133756e-02
   2.0000000e+00   2.8723673e-02   3.2275887e-01  -1.6508034e+00  -1.2263511e+00  -1.0116029e+00  -1.3418475e+00
   2.0000000e+00  -1.4257816e+00   5.0708624e-01  -1.1204003e+00   2.0820524e-01   1.0160639e+00   5.9438185e-01
   1.0000000e+00  -1.1952135e-01   6.8803429e-01   4.5805234e-01  -5.5075871e-01   3.4106727e-02  -1.4430194e+00
   2.0000000e+00  -1.1120099e+00   2.0141426e-01  -1.6955208e+00  -3.7893042e-01  -5.7772033e-01  -1.8338945e-01
   2.0000000e+00   7.6054819e-01  -7.9448579e-01  -1.2059946e-01  -5.2985116e-01  -1.0722548e+00   2.2194382e+00
   2.0000000e+00  -1.0780223e+00  -4.1988726e-01   6.8984285e-01  -5.3186903e-01   1.6178452e+00  -3.5683525e-01
   2.0000000e+00  -1.7837685e+00   2.0268676e+00  -7.8412242e-01  -3.3045611e-01   6.1815065e-01   7.5774237e-01
   2.0000000e+00   1.0959680e+00   1.1281622e+00  -1.3514433e+00  -8.6353739e-01   9.8998585e-01   1.0483618e+00
   2.0000000e+00  -6.0391959e-01   2.2069375e-01   1.5137886e+00   1.5685663e+00  -3.1159817e-01  -7.6328457e-01
   2.0000000e+00  -1.3667252e+00  -1.3949387e+00   1.5027610e+00   3.7918172e-01  -3.1596412e-01   9.6689454e-01
   2.0000000e+00   2.4121588e-01   1.1051533e+00   2.0730604e+00  -1.4550081e-01  -8.2523475e-01  -3.3928141e-01
   2.0000000e+00   7.9342302e-01  -6.1136737e-02   8.0196430e-01   1.1518721e-01  -1.6974843e+00   2.2834006e-01
   2.0000000e+00  -1.4117600e+00  -1.0211026e-02   5.7651981e-01   1.5473309e+00   6.0330467e-01   3.6558074e-01
   1.0000000e+00   9.6483354e-01  -1.6817722e+00  -1.2750800e-01   8.2802338e-01   9.5864387e-02   9.6515305e-02
   2.0000000e+00  -5.5481285e-01  -6.7799749e-01  -8.0981071e-01   1.2344050e+00  -6.8729059e-01  -8.3892025e-01
   2.0000000e+00  -7.6289263e-01   4.6759489e-01   2.0439990e-01  -5.8296372e-01  -6.9114302e-01   9.5595222e-01
   2.0000000e+00  -1.4010040e+00   7.1723464e-01  -9.4504096e-01   1.5513217e+00   2.0363799e+00  -2.6123325e-01
   1.0000000e+00   1.1696060e-02   7.0726942e-01   3.4840400e-01  -1.5868615e-01   4.9734088e-01   4.9146204e-01
   2.0000000e+00   5.2252491e-01   7.3948816e-01  -2.8418382e-01   8.4801105e-01   8.6648665e-01  -4.7370443e-02
   2.0000000e+00   4.4528004e-02  -6.3931248e-01  -9.3014323e-01   8.0984802e-01  -2.5559239e-01  -9.4047055e-02
   1.0000000e+00  -6.2779368e-02   9.1007923e-01   1.8666173e+00   1.7145307e+00   1.8004474e-01   8.2154321e-01
   1.0000000e+00  -1.3657295e-01   7.8647115e-01  -7.8429700e-01   1.3948987e+00   3.8927311e-02  -1.1186303e+00
   1.0000000e+00   5.0750212e-01   6.2219623e-01   2.6789540e-01  -1.4017868e+00   5.8821065e-01   1.4328661e+00
   2.0000000e+00   3.1813898e-01  -6.1881746e-02   2.9809256e-01  -4.4573233e-01  -4.7878086e-02   7.0790743e-01
   2.0000000e+00  -5.0439778e-01   1.3159985e+00  -3.3271167e-01   2.2110789e+00  -6.7122052e-01   2.0610334e+00
   2.0000000e+00   1.1984131e+00  -1.1112558e+00   9.8767643e-01   5.6093971e-01  -2.1389961e-03   1.4136171e+00
   2.0000000e+00   1.1024814e+00  -4.5095537e-01  -2.1497778e+00  -8.0761008e-01  -1.1018769e+00  -2.1861274e+00
   1.0000000e+00   3.9726856e-01   6.1040099e-01  -7.2929271e-01   2.1063767e+00   4.0559801e-01  -2.4243077e+00
   1.0000000e+00  -5.9560832e-01  -1.0773609e-01   7.7792302e-01   5.0442602e-01   7.4578388e-01  -3.5477741e-01
   2.0000000e+00  -7.2470245e-01  -2.2647401e+00  -1.4913715e+00  -9.5050293e-01   5.4029629e-01   4.7352075e-01
   2.0000000e+00  -1.4754365e+00  -8.4339099e-01   9.0443900e-01  -4.3724436e-01  -1.9163703e+00  -1.8045493e+00
   2.0000000e+00  -6.1444241e-01  -1.8080793e-01  -9.6994619e-01   1.0904479e+00   1.1127674e+00  -1.1180427e-01
   2.0000000e+00  -7.9212403e-01  -1.0555892e+00  -4.3644039e-01  -3.0453982e-01   8.1448269e-01  -5.7261980e-01
   1.0000000e+00   5.8452181e-01   1.2577057e+00  -3.9564772e-02  -1.4172657e+00   2.8556553e-01   1.9339719e+00
   2.0000000e+00   2.3495764e-01  -8.5028746e-01   6.3258135e-01  -1.7656566e+00  -1.3271506e+00  -1.2907282e+00
   2.0000000e+00  -2.3327332e-03   4.4095547e-01  -1.9463303e-01  -1.0886486e+00  -5.4466838e-01  -1.9414218e-01
   1.0000000e+00   6.8235931e-01   1.0185710e+00  -1.7699558e+00   2.1171362e-01   6.4074581e-02  -1.3289573e+00
   2.0000000e+00  -1.1315779e+00  -1.9456009e+00  -9.9390212e-01   2.1055650e+00   1.2791411e+00   1.1074311e+00
   2.0000000e+00  -6.0248798e-01  -1.1947420e+00  -6.7231286e-01  -5.6228508e-01  -3.6944488e-01   4.1025913e-02
   2.0000000e+00  -1.4714512e+00  -1.6404156e+00  -4.8974759e-02   1.8885190e+00   1.4216916e-01  -7.3318092e-01
   2.0000000e+00   1.7631735e+00   1.0939065e+00   1.3408201e+00   9.7733367e-01  -5.2851658e-01   1.1083258e-01
   2.0000000e+00  -1.0165389e+00   1.0905764e+00   8.0070123e-01  -1.2736526e+00   1.5749607e+00  -3.6934013e-01
   1.0000000e+00  -6.2346474e-02  -3.6276060e-01  -1.4680255e+00  -7.3628409e-01   1.5605052e-01   4.5641441e-01
   2.0000000e+00  -2.3344360e-01  -1.5262099e+00   6.2129489e-01   1.6210541e+00  -6.4201527e-01  -1.8103227e-01
   2.0000000e+00   7.7702838e-01  -9.1690955e-01  -1.9529323e-01  -4.9849288e-01  -3.5597094e-02   1.0838387e-01
   1.0000000e+00   9.6766255e-01  -9.2620234e-01  -5.3568713e-01  -1.0345273e+00   9.7857163e-02   2.2370103e-01
   1.0000000e+00   2.9644735e-01  -1.2732512e-01  -2.8731927e-01  -5.6931215e-01   7.5220743e-01   1.5782580e+00
   2.0000000e+00  -8.8747481e-01   1.2602206e+00   8.0535991e-01  -8.6906371e-01   1.4825786e+00   9.2279339e-04
   2.0000000e+00   2.8983358e-01  -1.3645053e+00  -1.3679191e+00  -1.0565490e+00  -8.6748512e-02  -8.6442709e-01
   2.0000000e+00  -7.9454130e-01   1.4722315e+00   2.3213835e-01   1.0867169e+00   2.1684500e+00  -6.8820074e-01
   2.0000000e+00   4.1665639e-01  -1.9747497e+00  -1.9523115e+00   5.8309686e-01   2.2977847e+00  -1.6578407e+00
   2.0000000e+00  -4.4745155e-01  -4.1339793e-01   8.0285908e-01  -2.8419689e-01   2.8580176e+00   1.5569570e-01
   2.0000000e+00   8.1296205e-01   7.9055715e-01  -1.6377169e+00   1.5121226e+00  -2.1298777e-01  -1.0378615e+00
   2.0000000e+00  -1.1074716e+00  -3.3432765e-01  -7.2563872e-01   1.0181703e+00  -1.0329548e+00   6.0466584e-01
   1.0000000e+00   5.1060390e-01  -3.6910403e-01  -1.0326140e+00  -1.2929391e+00   3.6376841e-01  -1.0817151e+00
   2.0000000e+00   2.1718739e-01   1.4626019e+00  -9.7931701e-01   2.3548092e-03  -1.5722522e+00   1.6682857e+00
   2.0000000e+00  -8.2923942e-01   2.7920722e+00   1.3878054e-01   2.7154197e-01  -3.9583898e-01  -6.0538079e-01
   2.0000000e+00   1.6289372e+00  -5.2575710e-02   1.6837063e-01  -2.5943136e-01   1.8995809e+00  -1.1524394e+00
   2.0000000e+00  -2.8466590e-01  -8.9105112e-01   2.1726875e-01  -1.2857738e+00  -1.7284413e-01   2.1123509e-01
   2.0000000e+00  -4.8210043e-02   3.8078036e-02   6.7123836e-02  -7.5678814e-01  -5.8188971e-01  -5.5695284e-01
   2.0000000e+00   2.7750967e+00   2.6599155e+00   1.7879696e+00   4.6178283e-01  -1.8923823e-01   2.5132520e+00
   2.0000000e+00  -1.1305400e+00  -2.9818430e-01   1.1832295e-01   2.5001254e-01  -4.2149417e-02   2.1448488e-01
   2.0000000e+00  -1.8628952e+00  -2.5696877e-01   5.9469632e-01   2.3905777e+00   2.8660084e-01   6.1569629e-01
   1.0000000e+00  -7.7419238e-02   1.8009053e+00  -4.1394284e-01  -7.3991766e-01   7.3289021e-01  -1.8569525e+00
   2.0000000e+00   1.0324806e+00   2.8173761e+00  -1.1392115e+00  -7.3362456e-01   1.2024849e+00  -7.0374076e-01
   2.0000000e+00   1.3748298e+00  -2.2274246e+00  -1.9284195e+00  -1.1420628e+00  -5.2638456e-02  -4.3791120e-01
   1.0000000e+00  -8.0204288e-01  -1.1403006e+00  -9.3060510e-02   1.2757243e-01   4.1205314e-01  -4.1083614e-01
   2.0000000e+00   5.0228852e-02  -9.1238313e-01   2.0006180e-02  -1.2483737e-01  -7.6770878e-01   7.7122962e-01
   2.0000000e+00   5.2770889e-01   1.0433531e+00   1.4327886e+00   8.3590096e-02  -2.0620833e+00   3.4647814e-01
   2.0000000e+00  -1.2587091e+00  -1.3179878e+00   9.0475606e-01  -2.5557723e+00   1.1667012e+00   1.4570523e+00
   2.0000000e+00  -6.9694342e-01  -1.1416471e+00   1.6838656e+00   5.1984807e-01  -5.3326256e-01  -2.8808657e+00
   2.0000000e+00   2.1456665e-01   6.4362753e-01  -7.1186472e-01   3.7320728e-01  -4.4209689e-01   4.0194049e-01
   1.0000000e+00  -7.4360211e-01   1.0299033e+00   5.9965430e-01   5.3449515e-01   6.5986339e-01  -2.8743633e-01
   2.0000000e+00  -5.8142572e-01  -1.0074004e+00  -3.3344461e-01  -3.3993600e-01  -6.7938726e-02  -6.1957814e-01
   2.0000000e+00  -1.3000163e+00  -8.2301909e-01  -1.8415146e+00   1.2131880e+00   5.0611799e-01  -9.7286073e-01
   2.0000000e+00   3.2036839e-01   1.4110950e-01   1.7178139e+00  -1.0816953e+00  -8.4155148e-01   1.7746367e-01
   2.0000000e+00  -1.7920487e+00  -1.3080788e+00  -1.9647729e+00  -1.0968775e+00   1.2932039e+00  -1.6743112e+00
   1.0000000e+00  -9.5509681e-01   1.3430371e-02   1.1573482e+00   2.0839299e-01   2.5005815e-01   1.1711144e+00
   2.0000000e+00  -6.9710993e-01  -2.7289132e-01   2.6347004e-01  -6.2954452e-01  -4.2436779e-01   1.0950572e+00
   1.0000000e+00   7.4726527e-01   7.9202156e-01  -1.9308394e+00  -6.7786752e-01   6.4680309e-01   6.7113771e-01
   2.0000000e+00   1.2301315e+00   2.7918018e-01  -1.6444728e+00   2.6932720e-01   1.2818777e-01   4.8749783e-01
   2.0000000e+00  -2.0139036e+00  -2.5494590e-01  -1.2180439e+00  -1.8181453e+00  -1.0705350e+00  -1.1591454e+00
   2.0000000e+00   8.1463821e-01  -1.2735129e+00  -8.2447699e-01  -1.9106137e+00   1.1264181e+00  -1.9105352e+00
   1.0000000e+00  -5.7478546e-02   8.1107466e-01  -4.4506862e-02  -1.6259144e-01   9.8236789e-01   5.0128531e-01
   2.0000000e+00  -2.5225710e+00  -2.0927420e-01   1.4527912e+00   8.5182750e-01   8.8152824e-01   7.4984636e-01
   1.0000000e+00   6.1452824e-01   4.7484230e-01   1.1100546e-01   6.3335654e-01   3.7142057e-01   1.3282876e+00
   2.0000000e+00  -9.2727249e-01  -2.5099699e+00   4.6504331e-01   4.6792139e-01   6.7389556e-01  -1.6052339e+00
   2.0000000e+00  -2.2140955e+00  -7.3562566e-01   2.4113434e-01   1.2465636e+00   2.3726689e+00   4.0971788e-01
   1.0000000e+00  -6.4241791e-01  -3.7129017e-01  -3.3400597e-01  -8.0221043e-01   2.8728356e-01  -1.1485757e+00
   2.0000000e+00  -1.9139989e+00  -1.7328672e+00   6.9582712e-02  -3.2737166e-01   7.6824008e-01  -1.5304052e+00
   2.0000000e+00   5.9934650e-01   5.2519809e-01   2.4522395e-01   3.0512221e-01  -5.9683478e-01  -2.6347746e+00
   2.0000000e+00   8.3711103e-01   9.5113733e-01   2.4625866e-01   1.6468195e-01  -2.6053001e-01  -6.6759437e-01
   2.0000000e+00   6.4080347e-01   2.9441925e-02   2.6946379e-01   6.2438789e-01  -6.1332633e-01   1.6473692e-01
   2.0000000e+00  -1.7355670e+00  -6.9272439e-01   1.2195818e+00   1.9060906e-01  -7.8789427e-01   3.5685553e-01
   2.0000000e+00  -8.7664714e-01  -1.3011569e+00   9.3324268e-01  -3.6041089e-01   5.4077301e-01  -8.4477681e-02
   2.0000000e+00  -9.1834190e-01   1.3887304e-01   1.7963059e+00   1.0781526e-01   1.4399568e+00   3.8250638e-01
   2.0000000e+00  -1.4151286e+00   9.2735262e-02   5.0009447e-01   1.8889282e+00  -4.5398498e-01   1.8523013e+00
   2.0000000e+00  -1.5470843e+00   9.0246962e-01   4.2392946e-01  -3.7700703e-01   1.5997472e+00  -5.0554020e-01
   2.0000000e+00   9.3833517e-01  -4.2685424e-01   5.3333774e-01  -1.2928661e+00  -4.7619454e-01   2.4139738e+00
   2.0000000e+00  -1.8506576e-01   1.4260884e+00   1.1266240e+00  -8.2614152e-01  -6.4729718e-02  -1.1349960e+00
   1.0000000e+00  -1.5317979e-02  -6.6212638e-01   4.4921186e-02   3.0712697e-01   2.2315148e-01  -7.0395152e-01
   2.0000000e+00   8.2885454e-02   5.6602807e-01   9.0201515e-02  -2.2859632e-01  -1.2030295e+00   1.8051753e-01
   2.0000000e+00  -9.4416915e-01   7.6585946e-01   1.7592441e-01   7.2792067e-01   1.7783737e+00  -1.4021594e+00
   1.0000000e+00  -3.2765468e-01  -5.2536726e-01  -1.9868432e+00   1.2252455e+00   4.2329616e-01   1.2986383e+00
   2.0000000e+00   1.0019500e+00   6.5956240e-01   1.2318202e+00  -1.0272696e+00   9.7496028e-03   1.1118211e+00
   2.0000000e+00   8.3676437e-01   2.5831882e-01   4.1030690e-01   1.1187664e+00  -1.4341669e-01  -1.5053745e+00
   2.0000000e+00   6.3339284e-01   3.2230906e-02  -5.3823298e-01  -1.5152592e+00  -9.0539164e-01   1.2271456e+00
   2.0000000e+00  -3.8117011e-01   1.1080166e+00   4.7407987e-01  -6.8296170e-01  -1.3703281e+00   9.9765802e-01
   2.0000000e+00   1.1640838e+00   1.0097791e+00   1.5487940e+00   1.1020137e+00   4.2621351e-01   4.6718171e-01
   2.0000000e+00   6.9225081e-01  -2.1976916e-01  -1.3743245e-01  -1.1116613e+00  -2.1743323e+00  -4.0847995e-01
   2.0000000e+00   9.1900534e-01   8.1585763e-01  -1.7524744e+00  -1.3999992e+00  -1.3454972e+00  -1.8386668e+00
   2.0000000e+00   8.3024741e-01   1.6186974e-01   1.3075671e+00   6.9650844e-01  -1.8446973e-01   8.3435510e-01
   2.0000000e+00   2.1486143e+00  -1.4460965e+00  -5.9836994e-01   1.1107673e-01   7.3172043e-01   1.7520468e-01
   2.0000000e+00  -1.9240233e+00  -2.0843830e+00   7.0804606e-01   2.6604473e-01  -1.6738664e+00  -2.4441519e-01
   2.0000000e+00  -3.9152132e-02  -1.2163011e+00   7.4896490e-02   1.8225467e+00  -1.0274545e+00  -5.0256595e-01
   2.0000000e+00   9.5970480e-01   4.9087017e-02  -2.9037367e-01  -1.4301282e+00  -6.3561833e-01  -1.6949906e+00
   2.0000000e+00   2.8157787e-01   6.0118227e-01  -2.3541386e+00   6.0615591e-01  -1.8753164e-02  -3.6825015e-01
   2.0000000e+00  -3.0892824e-01  -1.3234073e+00  -2.5683543e-01   2.2124083e-01   1.4090360e+00   2.2760500e+00
   2.0000000e+00   1.4166712e+00  -1.6364438e+00   8.2717187e-01  -1.9381919e-01   3.7902602e-01  -7.4919186e-01
   2.0000000e+00   4.1980274e-01  -3.4127109e-01   7.3519949e-01  -3.4502926e-02  -5.4572417e-01   1.7362860e-01
   2.0000000e+00  -3.6622818e-01  -2.7016146e-01  -3.8969806e-01   1.1879302e-01  -1.3301730e+00  -4.0376882e-01
   2.0000000e+00   1.7200843e+00   2.5874612e-01   1.4112066e+00  -1.1382345e+00   8.4840044e-01  -3.1926194e+00
   2.0000000e+00   5.3917340e-01  -4.8373469e-01   3.8660282e-01   9.4968241e-01  -6.3593283e-01  -1.2710896e+00
   2.0000000e+00  -4.7120114e-01  -4.3118686e-01   3.1051402e-01   4.0586699e-01   2.4524516e+00   1.4127813e+00
   2.0000000e+00   6.7063959e-01  -1.1467118e+00   5.5056282e-01   4.1018333e-01   2.5244113e+00   1.5877181e+00
   2.0000000e+00   1.0166172e+00  -3.3636122e-01   1.4197500e-01   1.4816850e+00  -1.2932557e+00   6.3978029e-02
   2.0000000e+00  -6.2899665e-01  -1.2775373e+00  -1.1359417e+00  -1.4870906e-01   8.9422939e-01  -3.9695295e-01
   2.0000000e+00   1.6675415e+00   4.0117450e-01  -5.9126273e-01   2.2499687e-01  -5.2520605e-01   5.8360862e-01
   2.0000000e+00  -9.0788269e-01   8.0334452e-01  -1.3031250e+00  -1.2192995e+00  -1.6688283e+00   1.8203321e+00
   2.0000000e+00  -4.8096126e-02   2.1216174e+00  -2.4978388e+00   2.6389156e-01  -1.8154308e+00   7.4081261e-01
   2.0000000e+00  -3.4901009e-01   1.4724142e+00   1.4846609e-01  -8.6944568e-02  -1.7046735e-01  -9.9364110e-01
   2.0000000e+00   9.9281173e-01   5.1943095e-01  -2.1862934e+00  -3.2924461e-01  -9.0370439e-01  -2.3808156e-01
   2.0000000e+00   3.3026289e-01   1.6315524e-01   8.4996172e-01  -1.1390266e+00  -5.8943466e-01   5.8132615e-01
   2.0000000e+00   1.1140854e+00  -6.3305392e-01  -1.2715177e-01   1.3465340e+00   7.0015437e-01  -1.0362193e+00
   2.0000000e+00  -3.2787705e-01  -1.1362879e+00  -4.1598853e-01  -8.1010475e-01  -9.3519530e-01  -1.9137147e-01
   2.0000000e+00   9.6661427e-01  -3.1620448e-01  -2.5394568e-01   8.0242137e-01  -6.2546699e-01  -1.4053505e+00
   2.0000000e+00  -1.9364928e-01   2.3310505e+00  -5.2808351e-01  -7.8563420e-01  -4.1782854e-01  -2.1135529e-01
   1.0000000e+00   2.9583167e-01   1.5905814e+00  -4.9750894e-01  -6.9788493e-01   6.7433375e-01  -1.2473023e-01
   1.0000000e+00  -4.3861370e-01  -1.6523730e-01  -9.4667527e-01   1.4391498e+00   5.5247502e-02   2.6501296e-01
   2.0000000e+00   8.8953373e-01  -9.0955342e-01   8.9258770e-01  -1.7181954e+00   9.4537661e-01   8.7434805e-01
   2.0000000e+00  -1.0495187e+00   1.5489662e-01  -2.7935805e-01  -1.4829982e+00   2.9827498e-01   8.6962704e-01
   2.0000000e+00   2.2692765e-01  -9.2367019e-02   7.8366860e-01  -2.0892216e-01  -1.0960123e+00   1.0669946e+00
   2.0000000e+00   2.6089595e-01  -1.4225530e+00   1.0118369e+00   2.5374527e+00  -1.8640451e+00   3.0357933e-01
   2.0000000e+00   7.9952701e-01  -6.3530079e-01  -1.6185704e+00   1.9230325e+00  -1.4121953e+00  -5.8231973e-01
   2.0000000e+00  -3.3378758e-01   9.3922863e-01  -2.9072799e-01  -1.9684110e-01  -3.9322990e-02  -6.5652612e-01
   2.0000000e+00   4.4460992e-01   9.5217090e-01   1.1192457e+00   7.5852444e-01   2.2175091e+00   1.0953795e+00
   2.0000000e+00  -9.7263503e-01  -1.5390611e+00  -4.0275272e-01  -6.5255388e-01  -2.3967654e-01   3.3909778e-01
   1.0000000e+00  -6.9599740e-01  -1.2949241e+00   8.3638283e-01  -5.7532930e-01   3.2716235e-01  -4.7544761e-01
   2.0000000e+00  -1.9370060e+00  -1.1263441e+00  -1.7125419e+00  -6.0466982e-01  -8.6219398e-01   3.7287947e-01
   2.0000000e+00  -1.7541852e+00  -4.5366254e-01  -3.6143451e-01  -2.4760621e-01  -9.2528064e-01   3.5245468e-01
   1.0000000e+00   2.0044602e-01   5.9910569e-01   4.5528738e-01  -7.2000452e-01   2.0641074e-01   5.4741711e-01
   2.0000000e+00   1.7167499e-01   1.6376416e+00  -2.9143026e-01   1.8589143e+00  -1.6705859e+00  -2.4282491e+00
   2.0000000e+00  -2.2412772e-01  -1.0352331e+00   8.0302437e-01  -8.8126996e-01  -5.4056250e-04   1.6828288e+00
   1.0000000e+00  -3.5758532e-01  -8.9976620e-01   7.6249211e-01  -6.8226458e-01   1.0317812e-01   1.8904229e-01
   2.0000000e+00  -2.4365185e-01   1.2214913e+00   1.9735896e-01  -1.1167097e+00  -9.2149436e-01  -2.4993559e-01
   2.0000000e+00  -6.8203093e-01  -1.2799402e+00  -2.1739163e+00  -1.1017092e-01  -8.8525043e-02   3.7629582e-02
   2.0000000e+00  -1.0595623e+00   1.3726391e+00  -1.1350550e+00   2.6916913e-01   1.8030571e+00  -1.1165458e+00
   2.0000000e+00   1.4014046e+00   1.3651734e+00  -1.7980312e-01   5.1421474e-01  -5.7053026e-01  -5.0622573e-01
   2.0000000e+00  -1.4072262e+00  -3.2036147e-02  -5.8523890e-01  -7.2810317e-01  -2.7018863e-01   1.3525017e+00
   2.0000000e+00  -5.3354219e-01  -1.5557498e+00  -2.8616441e-01   7.5681794e-01  -4.2974292e-01   4.8224734e-02
   1.0000000e+00   1.7287165e-01  -8.4169588e-02   3.2151747e-01  -1.7915936e-01   3.9832924e-01   4.3226814e-01
   2.0000000e+00   7.6272554e-01  -1.2175148e+00   5.5820469e-01  -1.7624508e-01   1.3528622e+00   2.3644638e-01
   1.0000000e+00   1.9590392e-01  -2.3661889e-01  -4.3714925e-01  -8.0505118e-01   6.3638977e-01  -8.3368794e-01
   2.0000000e+00  -9.1983801e-01   6.2477902e-01   6.8413688e-01   1.5046342e+00  -1.2267572e+00   1.7736464e-01
   2.0000000e+00   9.3685075e-01   7.0159485e-02   7.3045263e-01  -1.2711727e+00   7.2229808e-01   1.6705499e-01
   2.0000000e+00  -1.0601033e+00  -8.0343396e-01   1.9166275e-01   1.2071751e+00   8.2179403e-01  -2.1995266e-01
   1.0000000e+00  -4.3638803e-01  -1.7012577e+00   4.2319971e-01  -1.2533789e+00   7.1004407e-01   2.4562876e-01
   2.0000000e+00  -4.6876647e-01   3.6500559e-02   1.1669457e+00  -4.1879901e-01  -1.3269346e+00   4.0785953e-01
   2.0000000e+00  -1.6945581e+00  -1.2370325e-01   1.1908592e+00   2.1504277e-01   1.2267947e+00   2.0825914e+00
   1.0000000e+00  -1.8752055e-01   4.5861632e-01  -6.5270504e-01   5.2826186e-01   3.3555689e-01   1.7851308e-01
   2.0000000e+00   1.7096864e+00   1.4193545e-01   1.2286350e+00  -7.2819658e-01  -1.3906635e-01  -1.2359278e+00
   2.0000000e+00   6.8394051e-01   5.0630092e-01  -7.8963079e-01  -9.0975246e-01   1.1504018e+00  -2.2449889e+00
   2.0000000e+00  -1.6138261e+00   4.7674385e-01  -6.8647638e-01  -4.7438120e-01   2.8909628e+00   1.8599941e+00
   2.0000000e+00   1.9186089e-01  -1.1582623e-02  -8.3064202e-02  -1.9311060e+00  -7.2349995e-01  -5.5253371e-01
   2.0000000e+00  -6.2542263e-01  -4.1584408e-01  -9.3562478e-01   6.2416666e-01  -1.8244557e-02  -3.9195212e-01
   1.0000000e+00  -3.9827398e-01  -5.3869129e-01  -1.7207340e+00  -1.5369731e+00   1.3460190e-01   7.6771745e-01
   2.0000000e+00   5.4833375e-01  -8.4047537e-01  -1.3436899e+00   1.5356694e+00  -1.5944436e+00   4.6881389e-01
   2.0000000e+00  -8.2614162e-01   1.4520527e+00  -4.0699491e-01   1.2915652e+00  -1.7655398e+00  -9.5015984e-01
   2.0000000e+00  -1.1451077e+00  -5.4241684e-01   1.2782324e+00  -6.0621903e-01  -3.0978743e-01  -1.1651400e+00
   2.0000000e+00   1.4525301e+00  -5.6115855e-01  -2.8534719e-01  -8.8499670e-01   1.3265633e+00  -2.0857532e+00
   2.0000000e+00  -2.8952881e-01   8.0658417e-01  -1.7579338e-01   6.0404129e-01  -9.8517879e-01  -7.5754134e-01
   2.0000000e+00   4.5927463e-01   7.4897625e-01   2.9696908e-01  -1.9488758e-01  -2.3154076e-01  -1.7918281e-01
   2.0000000e+00   1.1703955e+00  -1.6218291e+00  -1.2820210e-01  -7.2289657e-01  -1.0257042e+00  -1.0055208e+00
   1.0000000e+00   1.7914749e-01   5.5680091e-02   1.1431482e+00   5.5187205e-01   3.9622913e-01   6.4760895e-01
   2.0000000e+00  -2.3578668e-01  -2.1316767e-01  -5.5004675e-01  -6.3745390e-01  -1.5153684e+00  -1.1940559e-01
   2.0000000e+00  -2.0902015e+00   2.3785848e-01   1.2853497e+00   1.3951046e+00   8.5787969e-01   2.5037122e+00
   2.0000000e+00  -3.2115796e-02  -1.7129293e+00  -1.3248001e+00  -3.7947447e-01  -4.5851819e-01  -5.7488365e-02
   2.0000000e+00  -1.4722129e+00   1.3793621e-01   1.2534411e+00   1.1238429e+00  -1.7001196e-01  -4.8670454e-01
   1.0000000e+00   1.0457429e-01  -6.5141009e-01   6.0255022e-01  -7.4624667e-01   9.2085043e-01   1.5230845e-01
   2.0000000e+00   2.9077694e-02   3.5262099e-01  -1.2395689e+00  -6.6084711e-01  -1.0640184e-01   2.3383854e+00
   2.0000000e+00   9.7256454e-01   1.6896536e+00   1.3836256e+00   5.2732005e-02  -1.7386463e-02   9.0223680e-01
   2.0000000e+00   9.4650650e-01  -6.2860608e-01   9.4254389e-01   2.2301638e-01   1.1414409e+00   6.3195990e-02
   1.0000000e+00  -2.6671261e-01  -4.5420458e-01   1.5940464e+00   5.8902051e-01   8.6002931e-01   1.2597896e+00
   2.0000000e+00  -6.9908972e-01   2.0625321e+00  -2.6967074e-01   2.2183119e+00   1.4437463e-01  -6.6479415e-02
   2.0000000e+00   1.0149675e+00  -1.4572964e+00  -5.2230808e-01   1.4585070e+00  -7.9803447e-01  -1.8382004e+00
   2.0000000e+00  -1.8029149e-01  -1.5584490e-01   1.2325503e+00  -8.1064156e-02  -3.0740160e-01   1.5144221e+00
   1.0000000e+00  -3.8277378e-01   6.9689794e-01   9.0790626e-01  -6.8889330e-02   7.3256601e-01  -6.2774486e-02
   1.0000000e+00   1.6690077e-01  -6.8889173e-01   1.3344283e+00  -1.5587132e+00   8.4010106e-01   3.5711461e-01
   2.0000000e+00   1.2432083e+00   5.1372283e-01   2.5008974e-02  -1.1495895e+00   8.9832209e-01  -7.9561701e-01
   1.0000000e+00  -5.7633699e-01  -1.6683818e-01   4.0561141e-01  -9.0219474e-01   1.4499849e-01  -4.2158069e-01
   2.0000000e+00   8.6846369e-01   2.3307629e+00  -1.5799928e-01  -5.3885404e-01  -2.6877215e+00  -6.6703903e-01
   2.0000000e+00  -2.9382018e-02   4.8357725e-01   1.4380560e+00  -3.7289763e-01  -6.2020190e-01   1.7303702e+00
   2.0000000e+00   6.5852161e-02  -9.7978769e-01   4.8259032e-01  -7.2203521e-01  -1.2752227e+00   3.5717641e-01
   2.0000000e+00   9.4462595e-01   2.1461061e-01   1.2311849e+00   3.1672902e-01  -2.0988786e-02   9.5749023e-01
   1.0000000e+00  -4.7214185e-02  -6.1858597e-01   1.3298933e-01  -2.6833614e-02   3.0461671e-01  -6.7803666e-01
   2.0000000e+00  -1.8770347e+00   4.6641550e-01   7.6550937e-01  -7.3646003e-01   2.1317513e-01  -7.0872025e-01
   2.0000000e+00   1.1084800e+00   1.1240856e-01  -1.0344292e+00  -2.2071387e-01  -4.6711832e-01   1.6576973e+00
   2.0000000e+00   7.4249314e-01  -1.1400970e+00   5.9307410e-01   1.4321542e+00   1.3093468e+00  -3.4430322e-01
   2.0000000e+00  -3.8137591e-01  -2.3081360e-01  -1.1957686e+00  -5.8215583e-01   1.8885195e+00  -1.0788228e+00
   2.0000000e+00   1.9723621e-01   8.5745344e-01  -8.4434556e-01  -1.8462032e-03   1.4351611e+00   1.3281294e+00
   2.0000000e+00  -2.6454421e-01  -9.9426613e-01   1.8361570e+00   4.5311014e-01  -1.0985214e+00  -9.0410278e-01
   2.0000000e+00  -1.0390068e+00  -8.8475251e-02  -5.1342148e-01   2.8646102e-01  -1.5489255e-02  -2.4210367e-01
   2.0000000e+00   4.4748993e-01   6.0757367e-01  -5.1872476e-01   9.8282201e-01   1.3432605e+00   3.2866049e-01
   2.0000000e+00   3.5992526e-01   1.3421548e+00  -2.6826705e+00  -1.1813259e+00  -8.5975162e-01   1.1258141e+00
   2.0000000e+00  -1.3447473e+00   1.1933063e-01  -5.0784892e-01  -6.2447540e-01   6.3815499e-02  -9.1711279e-01
   2.0000000e+00   2.1820262e+00   1.1200328e+00   9.2655843e-01   5.4988021e-01   1.0551490e+00   3.2816124e-01
   1.0000000e+00  -8.0619174e-01  -4.1794294e-01   9.2155635e-01   4.2398191e-01   6.2030978e-02   1.2563310e+00
   2.0000000e+00  -5.9333816e-01   1.0721039e+00  -2.3798990e-01   2.2549400e-01  -1.6292216e+00  -7.9162050e-01
   1.0000000e+00  -2.7077937e-01   7.0797797e-01   2.2214997e+00  -1.3548829e+00   6.2711286e-01   1.7016343e-01
   2.0000000e+00  -4.8904012e-01   6.2619165e-01   3.8859698e-01  -9.9970664e-01  -1.1337961e+00   1.3787462e+00
   1.0000000e+00  -5.4115627e-02   3.3554368e-01  -2.7639080e-02   6.8614429e-02   1.5165520e-01  -4.1271273e-01
   2.0000000e+00  -8.5465595e-01  -1.6476027e+00  -3.1361910e-01   3.7752200e-01  -5.3396173e-01  -1.3173204e-01
   2.0000000e+00   1.0209809e+00   1.0877411e+00   6.6746750e-01   9.4269924e-01  -3.4898314e-01  -1.5256272e+00
   2.0000000e+00  -1.1059226e+00  -8.8614130e-01  -4.1929203e-02  -1.2151894e+00  -1.1246292e+00  -1.9782582e+00
   2.0000000e+00  -9.3878175e-02  -9.8648615e-01  -4.3660731e-01   9.8984700e-01  -1.1284432e+00   4.4041476e-01
   2.0000000e+00   6.6802720e-01  -2.7314678e-01  -6.9638739e-01  -3.0052366e-02  -3.0165558e-01   8.2179112e-01
   1.0000000e+00  -7.1876076e-01  -1.3476837e+00  -6.8439714e-01   1.5352799e+00   3.4739496e-01  -6.0327182e-01
   2.0000000e+00  -2.4880707e-01  -1.5272419e+00  -1.4131255e+00   1.4677152e+00  -7.6137529e-01  -1.4208053e-01
   2.0000000e+00  -1.0611140e+00  -2.9336572e-01  -2.2997480e+00   6.5574519e-01   1.2019833e+00  -2.6484871e-02
   2.0000000e+00   2.3687468e-01  -8.6387433e-02   2.0322074e+00  -1.5297496e+00  -1.5384877e-01   3.1084524e+00
   2.0000000e+00  -5.3506147e-01  -4.7120449e-03  -4.0281106e-01   1.7092213e-01   1.3783873e+00   1.2530787e-01
   1.0000000e+00   2.5840069e-02   4.0637333e-01  -9.2231961e-01  -6.3382184e-01   6.7009521e-01   3.4966146e-01
   2.0000000e+00  -2.1310607e+00  -5.3074822e-01   1.9136305e+00  -2.8195133e-01   7.5072512e-03   3.9593424e-01
   2.0000000e+00   5.4774456e-01   8.9293802e-01   1.0125517e+00  -1.1358156e-01  -2.5565711e-01   2.5218858e+00
   2.0000000e+00   8.0411775e-01  -2.7124493e-01  -7.8694726e-01  -6.9026640e-01   6.8456412e-01  -6.2065738e-01
   2.0000000e+00   4.3199498e-01  -2.6162635e-01  -2.0656611e-01   2.3229563e-02  -5.0326142e-01  -1.1232777e+00
   2.0000000e+00   8.2204529e-01   6.1933832e-01   5.2268296e-01   2.9834602e-02  -5.4925318e-01  -2.7376153e+00
   2.0000000e+00  -2.2240078e+00  -4.5795459e-01   3.1558555e+00   1.0592311e+00  -1.2489332e+00  -5.0245653e-01
   2.0000000e+00  -4.9007793e-01  -1.0333309e+00   5.7842130e-01   4.1720246e-01  -7.6111471e-01  -8.7092997e-02
   2.0000000e+00   2.8643115e-01  -8.8184127e-01   2.2397367e-01   1.1577241e+00  -1.3509824e+00  -1.3043428e+00
   1.0000000e+00  -6.0587285e-01  -9.8541477e-01   2.7700303e-01   1.7254206e+00   4.7197731e-01  -9.8685691e-01
   2.0000000e+00  -8.8662422e-02   2.3370027e-01  -7.6821768e-01   3.6885015e-01  -1.1436213e+00  -2.5342715e-01
   2.0000000e+00   6.6342154e-01  -3.4098889e-01  -4.7427669e-01  -1.8807527e+00  -9.1379403e-02  -2.1432218e-01
   2.0000000e+00  -8.2057549e-01   2.3274354e-01  -3.4797124e-01  -6.0114971e-01   1.5019086e+00   1.8044825e-02
   1.0000000e+00  -2.4270427e-01  -1.4376317e+00  -3.8520046e-01   4.2786946e-01   5.2518817e-01   2.7662787e-01
   1.0000000e+00   4.1372376e-01   6.3872622e-01  -9.4678408e-01   2.3221959e+00   8.3829745e-01   3.3947180e-01
   2.0000000e+00   1.0532722e+00   1.2897319e-01   5.2662919e-01   1.6748977e+00  -5.3676670e-01   1.2693536e+00
   2.0000000e+00   8.9137647e-01   6.7564987e-01   8.3286036e-01   8.9065610e-01  -4.1286490e-01  -1.5907001e+00
   2.0000000e+00   1.5402807e+00  -2.5703378e-01  -7.0218488e-01  -5.0656153e-01  -1.7448867e+00  -4.3298216e-03
   1.0000000e+00   8.9586328e-01   7.1173898e-01  -1.1325459e+00   3.9290849e-01   4.3528489e-01   3.6266705e-01
   2.0000000e+00   1.1708798e+00  -2.0079946e+00  -1.8239940e+00  -6.2314657e-01  -9.1692210e-02  -9.3801789e-01
   2.0000000e+00   1.1238483e+00   9.2608163e-01  -3.8100645e-01  -1.2276904e+00   1.4707479e-01  -1.0008278e+00
   2.0000000e+00  -9.9856305e-01   2.4617283e-01  -1.5511579e+00   1.1691515e+00   8.8429339e-01   9.5934280e-01
   2.0000000e+00  -1.0858166e+00  -6.0895009e-01  -1.7236079e-01   8.2765889e-01  -3.2743869e-01   1.1543129e+00
   1.0000000e+00  -9.0320670e-01  -1.9006928e-01   2.6081491e-01   6.5665412e-01   4.1050298e-01   2.7567530e-01
   2.0000000e+00   4.5553690e-01  -6.4651103e-01   6.1817550e-01   9.7651261e-01   1.3958959e+00  -1.3766610e+00
   2.0000000e+00  -4.4957721e-01   1.3418283e+00  -2.0225364e+00   2.9976213e-01  -7.0446570e-01   4.5711170e-01
   2.0000000e+00  -1.2083690e+00  -1.0952331e+00  -1.0296850e+00   6.6552460e-01   7.3527861e-01  -5.0963520e-01
   1.0000000e+00  -4.8950095e-01   1.1491259e+00   1.7158840e-01   4.4126003e-01   8.1904313e-01   5.4706898e-01
   2.0000000e+00  -5.6743801e-01   6.3697901e-02  -1.2266720e+00  -1.7780504e+00  -1.7631264e-01   3.5674406e-01
   1.0000000e+00  -3.6632716e-01   4.8318949e-01   8.1141714e-01  -8.7696181e-01   1.8110329e-01  -1.6397071e+00
   2.0000000e+00   3.9843646e-01   6.9622272e-01   1.9191372e+00   2.8309243e+00   1.9797178e+00  -1.6257931e+00
   2.0000000e+00  -5.2564168e-01  -3.4757706e-01   6.1219906e-01   2.9868204e-01  -1.1005750e+00   5.9438719e-02
   1.0000000e+00  -8.5263516e-01  -5.1410402e-01   4.8894923e-01   1.7193826e+00   2.4758511e-01  -9.2105305e-02
   2.0000000e+00  -3.4942687e-02   1.5120927e+00  -6.3232181e-01  -1.6488070e+00  -7.8076135e-01  -4.3477974e-01
   2.0000000e+00   4.4895207e-01  -1.1439548e-01   1.0475098e+00  -6.7698353e-01  -1.6701941e+00  -4.9687952e-01
   2.0000000e+00   3.2413850e-01   1.3848068e-02   1.1457333e+00  -3.0849381e+00   1.0244684e+00  -1.0498978e+00
   1.0000000e+00  -1.5693654e-01   1.1415221e+00  -1.6581747e+00  -1.7348177e+00   8.9727032e-01   3.0970477e-01
   1.0000000e+00   1.1774726e-01  -3.7215754e-01   1.1263094e-01   7.4257154e-01   7.1632653e-01   7.2099565e-01
   2.0000000e+00  -4.1066857e-01  -1.0171644e+00  -7.6654312e-02   2.7922937e+00   1.7450566e+00  -2.3039955e+00
   2.0000000e+00   1.1582042e+00  -2.6246042e-01   1.0604325e+00  -2.3349522e+00   1.7103970e+00   9.0755181e-01
   2.0000000e+00   4.9877980e-01  -3.5678568e-01   1.4964358e-01   6.6629682e-01   1.8994777e+00   4.6873036e-01
   2.0000000e+00  -1.5413902e+00  -6.0485382e-01  -1.1809081e-01  -2.3533717e-01  -1.1160801e+00   4.0797870e-01
   2.0000000e+00   1.2740141e+00  -1.0308514e+00   5.3492150e-01   1.3114262e+00   4.5149602e-01   1.0965824e-01
   2.0000000e+00  -1.5348784e+00  -1.2657307e+00  -5.5156980e-01  -3.5641410e-01   1.1193234e+00   1.0405120e-01
   2.0000000e+00   4.9930787e-01   1.5938069e-01  -1.2111483e+00   3.3233170e-01  -1.2482490e+00  -1.2045863e+00
   2.0000000e+00   3.8636591e-02   9.1632584e-01   6.0551907e-01  -7.2379949e-01  -1.8496106e+00   3.8666821e-01
   2.0000000e+00  -5.6914256e-02   3.7463329e-01  -9.0085988e-01   1.4275650e+00  -1.8346938e+00   1.0910163e+00
   2.0000000e+00  -3.8254880e-02   2.0202197e+00   8.2357308e-01   7.3290694e-01  -1.1693159e+00  -5.8431162e-01
   1.0000000e+00   1.1022480e-02   9.0968238e-01  -1.1089544e-01  -1.3801587e+00   1.3954622e-01  -1.0799148e+00
   2.0000000e+00   9.8490453e-01   1.3815915e+00  -1.9669159e-01   7.9975537e-01  -2.5958557e-01   1.8770398e+00
   2.0000000e+00   5.1239398e-01   1.8995244e+00   4.5374254e-01  -1.4366031e+00   1.9855645e+00  -2.0192913e-01
   2.0000000e+00  -1.6876596e+00  -1.8795269e+00  -4.4002765e-01   1.1754447e+00  -1.1473893e+00   1.1132453e+00
   2.0000000e+00   5.0966084e-01  -1.0772868e-01  -9.2031328e-01   7.1177721e-01  -3.0050290e-01  -1.0247673e+00
   2.0000000e+00  -1.0988124e+00   7.5449793e-01   6.8151046e-02   2.4774559e-01   8.8503977e-02  -5.1804909e-01
   2.0000000e+00   1.0516750e+00  -4.5736176e-01  -3.4868679e-01   3.8952394e-01  -2.7389745e-01  -1.3726450e+00
   2.0000000e+00  -1.2255849e+00  -2.1278937e+00  -3.3628904e-01   2.6554788e-01   3.8205314e-02   1.3159300e+00
   2.0000000e+00   9.5613166e-01  -3.9297389e-01   3.1561118e-01  -2.9693062e-01  -1.2769903e+00  -8.1677743e-01
   2.0000000e+00   3.5081002e-01   6.8344438e-01  -2.6839969e-01  -8.4315466e-01  -7.6048764e-01   2.2538028e-01
   2.0000000e+00   1.8981816e-01  -8.2742843e-02   4.5378142e-01   1.3285175e-01  -4.8501623e-01  -3.0515214e-01
   2.0000000e+00   1.2964355e+00   1.7846087e+00   8.4195402e-01  -6.2425234e-01  -1.0162948e+00   1.1556076e-01
   1.0000000e+00  -7.6287670e-01  -7.5268642e-02  -2.2352894e+00   6.9519686e-01   1.5264262e-01   6.3332422e-02
   2.0000000e+00   1.7881533e+00   7.9101007e-01  -2.7863074e+00  -1.5802459e+00   1.4202914e+00  -1.3213978e+00
   2.0000000e+00   2.0990545e+00  -1.4004564e+00   1.3189855e+00  -5.4304642e-01   2.5033103e-02   2.1889311e-01
   2.0000000e+00   1.0354072e+00   1.3441782e+00   3.1625889e-01  -1.0763670e-01   2.1973971e-01  -1.4660884e+00
   2.0000000e+00   3.0850453e+00   1.7911546e+00  -4.1556370e-01  -1.7894297e-01   1.3607928e+00   6.7029619e-01
   1.0000000e+00  -2.2345313e-01   2.9385728e-01  -6.4742023e-01  -2.9070067e-01   4.1518103e-01   2.5967315e+00
   2.0000000e+00  -1.3425448e+00  -2.9485139e-01   4.1078149e+00  -9.1504862e-01  -1.8495573e-01  -4.7723663e-02
   1.0000000e+00  -2.3494208e-01   4.3983666e-01   1.7165696e+00   6.3246583e-01   1.6161274e-01   1.5452810e+00
   1.0000000e+00  -5.4627077e-01   5.0188470e-01  -5.3318309e-01   7.8985960e-01   4.3429714e-01   9.1428790e-03
   2.0000000e+00  -6.6604338e-01  -2.2416599e-01  -4.2284362e-02   2.9777618e-01  -9.5030688e-01  -2.2168850e-02
   2.0000000e+00   1.0665144e+00   2.5158502e+00  -1.3196873e+00   9.3813806e-01   9.1561570e-01  -9.2698884e-01
   2.0000000e+00   7.6830024e-01  -2.0445959e+00   9.7663676e-01  -6.2128301e-01   2.7150870e+00  -7.9920519e-01
   2.0000000e+00   1.5802253e-01   6.3949020e-03  -5.3779691e-01  -1.3103301e+00  -1.8645567e-01  -1.8477600e+00
   2.0000000e+00  -9.1108311e-01  -3.2513102e-01  -1.4786816e+00   1.5191908e+00  -1.0831689e+00  -2.6884544e-01
   2.0000000e+00   9.6139372e-01   7.0104685e-01  -3.6079300e-02  -7.4801356e-01   8.5132886e-01   5.8378059e-01
   2.0000000e+00   4.2517403e-01  -1.7334525e+00   4.1706169e-01  -4.9633294e-01  -8.3090625e-01  -9.2028414e-01
   2.0000000e+00   1.5820033e+00   1.3066482e-01  -7.9171336e-01   2.7976289e+00   2.1221780e-02   4.8165133e-01
   2.0000000e+00  -9.7092180e-02   5.2308445e-01   3.1622114e-01   4.9047056e-01   1.6691976e+00   4.5079510e-01
   2.0000000e+00  -5.6909939e-01   1.5536086e+00  -2.3492696e-01   4.5237337e-01  -5.8922813e-01   4.6181403e-01
   2.0000000e+00  -4.2789529e-01  -8.5102127e-02   8.1948381e-01   1.0177501e+00   1.4679677e+00   8.6586776e-01
   1.0000000e+00   1.0093019e-01  -1.3119636e+00   3.1022115e-01  -8.2199108e-01   4.8372185e-01   8.0555635e-01
   2.0000000e+00  -5.4504640e-01  -1.7828021e+00  -3.3617715e-01   9.0249060e-02  -7.8644433e-01  -1.0249177e+00
   2.0000000e+00   4.6230513e-01   8.5383470e-03   8.6321144e-01   2.5253685e-01  -1.2159171e+00   2.3562708e-01
   1.0000000e+00   9.3730007e-02   1.7908642e+00   1.2512107e+00   7.1232903e-01   5.8010105e-01   4.1936230e-01
   2.0000000e+00   1.3200268e-01  -6.8308821e-01   7.1119506e-02   4.8808921e-01   1.7626275e+00  -1.1720225e+00
   2.0000000e+00  -3.8200178e-01  -1.1555279e+00  -7.4345928e-01  -7.2072875e-01  -2.0598466e+00  -1.1574703e+00
   2.0000000e+00  -2.5483260e+00  -1.8609258e-01  -4.5667632e-01  -3.8917522e-01   1.8574275e-01  -2.4623479e-01
   2.0000000e+00  -2.2348843e-01   9.7457710e-01  -3.2275811e-01  -1.5173114e+00  -6.5870422e-01   2.4457588e-01
   2.0000000e+00   7.1901943e-01  -2.1992898e+00   5.4585658e-01  -1.1417832e+00   8.6021742e-01   4.2113180e-01
   2.0000000e+00  -5.5572917e-01  -5.1433310e-01  -8.4289879e-01  -5.1872903e-01  -2.0795710e-01   7.3548302e-01
   2.0000000e+00   1.2618261e+00  -1.8864052e+00   2.4414850e-01  -1.3521105e-01  -6.3904312e-01   2.5312408e-01
   2.0000000e+00   1.2781329e+00  -2.5909671e+00  -1.3999525e+00  -1.2628417e+00  -1.4165973e+00   8.7817389e-01
   2.0000000e+00  -4.8555449e-01   1.2182778e-01  -1.1523748e+00  -1.1389108e+00   1.1403381e+00   9.4827787e-01
   2.0000000e+00   7.9187782e-01   4.6543697e-01  -4.3421191e-01  -1.7011697e+00  -9.4498077e-01  -5.5487004e-02
   2.0000000e+00  -9.0952462e-01  -6.7918927e-02   1.1601001e+00  -7.1746273e-01   1.4413538e+00  -6.7121755e-01
   1.0000000e+00  -3.2955854e-01   1.5684808e-01   4.3490861e-01   1.7511866e+00   1.4999664e-01  -1.6729034e+00
   2.0000000e+00  -4.8435190e-01   4.5212376e-01  -1.1788323e+00  -1.1699638e+00   9.0571741e-01  -7.9358927e-01
   2.0000000e+00  -2.1212202e-01   4.5274265e-01   8.9575745e-01   1.5696194e+00   1.3579971e+00   2.1878222e+00
   2.0000000e+00   1.2475575e+00  -1.0381641e+00  -2.2706968e-01  -1.5647718e-01   4.9232461e-01   9.7645380e-01
   1.0000000e+00   1.9988731e-01   5.8035833e-01   2.5372794e-01   5.0867555e-02   5.3516341e-01   3.2714866e-01
   2.0000000e+00  -7.9008859e-02   8.7908293e-01   5.7407912e-02   1.8939956e+00  -9.2417795e-01  -2.7884460e+00
   2.0000000e+00   4.7962755e-02   1.0339388e+00   7.7311668e-01  -9.6344453e-02  -9.3335537e-01   7.5882782e-01
   2.0000000e+00  -9.1585965e-01  -1.7215087e+00  -7.2762841e-01  -1.1356825e+00  -1.0525087e+00   6.9928932e-01
   2.0000000e+00   8.5204269e-01   1.9446728e+00   9.5357997e-01   1.6072995e+00  -1.7068607e+00   6.6874228e-01
   2.0000000e+00  -5.5554462e-02  -4.2221221e-01   3.7802154e-01   8.2261903e-01  -4.7231796e-01  -1.3905285e+00
   1.0000000e+00   2.0100961e-01  -5.9458209e-01  -1.8784346e+00   2.0265996e+00   9.7946542e-01   1.1165258e+00
   2.0000000e+00   1.3148581e+00  -1.1096694e+00   2.9354092e-02   2.2532792e-01  -1.7211217e+00  -3.2360542e-01
   1.0000000e+00   7.4656232e-01   8.8794857e-01   7.7111081e-01  -8.1132684e-02   2.2545720e-01   1.0148191e+00
   2.0000000e+00  -1.0810094e-01  -6.6736598e-01  -1.4708002e-01   1.5366541e+00  -9.3653361e-01  -3.1455218e+00
   2.0000000e+00  -1.4475481e+00   3.6814389e-01  -1.5347604e+00  -3.5637928e-02  -1.7068205e-01   1.1677975e+00
   2.0000000e+00  -5.4211014e-01   2.8203383e-02  -8.6305785e-02   3.1389900e-01   1.1995204e+00  -8.7809602e-02
   2.0000000e+00   2.0961467e+00  -7.3897066e-01  -4.0527573e-01  -1.1147429e-01   9.7361411e-01   5.9664764e-01
   2.0000000e+00  -8.6955057e-01   5.6723729e-01  -5.0514300e-01   1.2160645e+00   1.7506253e+00  -2.9656299e-01
   2.0000000e+00   1.6633408e-02   1.3415884e-01  -4.7628223e-01  -4.4719687e-01   1.2689881e+00  -7.1210111e-01
   1.0000000e+00  -1.4448348e-01  -2.9935812e-01   1.5704817e-01   1.0499672e+00   6.7633036e-01   1.2595054e+00
   2.0000000e+00  -2.1885970e-01   1.2224523e+00  -1.2542706e+00   5.1678153e-01  -2.5005236e-02  -2.3598050e-01
   2.0000000e+00   1.7244262e+00   2.8285807e-01   7.3214183e-01   4.2357130e-01  -1.8318666e-01   3.1773206e-01
   2.0000000e+00   1.3622652e+00   2.8002223e-01   5.3976454e-01  -1.6335245e+00   4.2956780e-01  -3.3953574e-01
   2.0000000e+00  -8.1184853e-01   2.2885810e-01  -4.3760750e-01  -2.1659724e-01  -1.2036177e-01  -9.9738866e-01
   2.0000000e+00  -3.4685239e-01  -1.1635825e+00  -1.1239337e+00  -1.0540738e+00  -7.8021184e-01   9.3217069e-01
   2.0000000e+00   9.3156608e-01  -2.1468788e-02   4.4399917e-01   7.0035739e-01   8.5738094e-01   2.5043619e+00
   2.0000000e+00   1.3875213e-01   5.8182143e-01   2.0399393e-01   6.2739400e-01  -6.5930461e-01  -1.2534175e+00
   1.0000000e+00   3.3492818e-01  -1.1549154e+00   1.4863212e+00   7.9801326e-01   7.5463772e-02  -1.8727636e-01
   2.0000000e+00  -9.1777021e-01   1.2457555e-01   1.9364386e+00  -1.8264744e-01  -7.0018992e-01  -5.4147644e-01
   1.0000000e+00   1.6743542e-01  -7.7415732e-01   2.6693756e-01   1.3820494e+00   3.7390325e-02   3.9726200e-01
   2.0000000e+00   1.2119868e-01   2.0475498e+00   8.1739946e-01  -9.6532373e-02  -6.2527164e-02  -7.9733696e-01
   1.0000000e+00  -1.0731570e-01   1.3320183e+00   2.9083427e-01   7.8143376e-01   1.8663151e-01   7.8178137e-01
   2.0000000e+00   8.0997251e-01  -1.9459186e-01   6.7401926e-01  -1.2290688e+00  -2.6542842e+00   7.2031136e-01
   2.0000000e+00   6.8081974e-01   4.6832411e-01  -6.2114106e-01   1.5783584e+00   1.2454502e+00  -2.0061811e+00
   2.0000000e+00  -1.7062598e+00  -1.4760248e+00  -2.2025791e+00  -8.6006682e-01   4.0946136e-01  -1.8825521e+00
   2.0000000e+00  -7.1000920e-01   1.2576915e+00  -1.7804726e-01   6.1205997e-01  -4.5720058e-01   9.6199172e-02
   2.0000000e+00  -5.1943923e-02  -4.3228122e-02   7.9975534e-01   9.4810694e-01   1.0771790e+00  -9.4963827e-02
   2.0000000e+00  -7.4548919e-01  -1.1613902e+00   2.9173820e+00  -2.5411726e-01  -1.2325802e+00   5.3433042e-01
   2.0000000e+00  -5.2958788e-01   8.3280432e-01  -8.3055427e-02  -2.9642279e-01  -4.0537517e-02  -4.2241744e-01
   2.0000000e+00   1.9998237e+00   4.5064234e-02  -2.4097247e-01   6.3473705e-01   2.3183865e+00  -2.8058168e-01
   2.0000000e+00   8.8571047e-01  -1.5366918e+00  -6.5020895e-01   9.2059850e-01  -7.1403543e-01   1.5182658e-01
   2.0000000e+00  -1.8380616e+00   7.4767792e-01  -2.7273956e-01  -1.7264558e+00   1.4185409e+00  -7.9529061e-01
   1.0000000e+00   5.5846176e-01   2.1727117e-02   1.4486392e+00  -2.0118345e-01   1.7375760e-01   7.3992763e-01
   2.0000000e+00   9.4444597e-01  -4.1587436e-01   2.6398464e-01   1.8181194e+00  -1.0057386e-01  -1.0592036e+00
   2.0000000e+00  -1.2393984e+00   6.1194084e-01   1.8995055e+00  -5.3993738e-01  -1.1935880e-01  -1.1278730e+00
   2.0000000e+00   8.7763035e-01   7.8068123e-01   9.2580455e-01   3.7950170e-01  -6.4989882e-01  -6.2005894e-01
   2.0000000e+00   4.1160229e-01  -8.8564667e-01   6.1207044e-01  -8.2177804e-01   9.9592164e-01  -1.4414230e+00
   1.0000000e+00   3.6981831e-01  -1.2112601e+00   1.2891063e+00   1.7804089e+00   2.4980961e-01   5.5446600e-01
   2.0000000e+00   1.1203602e+00  -1.6979945e-01  -1.7973970e-01  -5.4697371e-01   1.6850946e+00   6.8397599e-01
   1.0000000e+00  -1.2138138e-02  -7.4570950e-01   4.5443104e-01   3.0237411e-01   7.9865442e-01  -5.7285723e-01
   1.0000000e+00   7.7446944e-01   2.7151955e-01  -1.0305795e+00  -1.2422081e+00   3.2160162e-01   1.9528840e+00
   2.0000000e+00   1.3591023e+00   7.6913835e-01   9.6493714e-01   2.5752652e-01  -4.4425540e-01   8.7565996e-01
   2.0000000e+00   9.0373288e-01   4.5667343e-01  -1.5323767e+00  -1.1789361e-01   8.6717933e-01  -1.6184069e+00
   2.0000000e+00   1.3981875e+00  -9.6251184e-01   2.7344702e+00  -1.1400678e+00   1.1047868e-01  -1.2451520e+00
   2.0000000e+00  -9.0868596e-01  -4.8656885e-01  -1.7167960e+00  -8.6196628e-01  -4.7283168e-01   1.1401290e+00
   2.0000000e+00  -1.2780966e+00  -3.2507362e-01  -1.0289962e+00   1.1311205e+00  -4.6197643e-01   4.6704952e-01
   2.0000000e+00  -2.6293883e+00   1.3600403e+00   1.1380915e+00   3.4548544e-02  -1.2487028e+00  -3.5130227e-01
   2.0000000e+00  -2.4236647e+00   5.7277369e-01  -6.4094605e-01  -1.8726710e+00   1.4746241e+00  -5.7810935e-02
   2.0000000e+00   1.7889490e+00  -4.0942148e-01   7.0884365e-01  -9.4666783e-01   9.6406369e-01   9.8176747e-01
   2.0000000e+00   1.6351033e+00   1.2716328e+00   1.1121062e+00  -1.0035051e-02  -7.0152619e-02  -1.2296121e+00
   2.0000000e+00   2.3296412e-01  -1.6786419e+00   1.9663252e-01   4.1900282e-01  -9.4704277e-01  -4.8595227e-01
   2.0000000e+00   5.1669191e-01  -1.4102435e+00  -4.8565102e-01  -3.7039132e-01   9.9048137e-01   3.3110108e-01
   2.0000000e+00   1.0937224e+00  -3.2729205e+00  -2.8782824e-01  -7.6405097e-02   6.4289508e-01   6.1307317e-01
   2.0000000e+00  -3.2148489e+00  -4.2203466e-03   3.6822586e-01  -2.3864869e-01  -2.7210328e-01  -2.3834741e-01
   2.0000000e+00  -3.5706587e-01   7.2335745e-02   1.5765737e+00   3.3066769e-01  -6.6278472e-01   6.5765889e-01
   2.0000000e+00  -6.2721779e-01   1.2043039e+00  -5.5427332e-01   5.7817573e-01  -1.4862395e+00   4.3115527e-01
   2.0000000e+00  -6.5787100e-01   3.4388024e-02   5.7196179e-01   3.1072388e-01   8.0268953e-01   4.3802644e-01
   1.0000000e+00   8.8677384e-02   8.7125004e-01   9.1008404e-01   1.0703101e-02   9.7839963e-01   1.0722946e+00
   2.0000000e+00  -1.5148085e+00   9.3070804e-01  -2.4981591e-01   5.9704345e-01   1.4245343e+00  -1.0866835e+00
   2.0000000e+00   9.2177778e-02  -8.3666473e-01   1.0660666e+00   4.2893613e-01   1.5157177e+00   1.4502758e+00
   1.0000000e+00   2.6640141e-01  -1.2826957e+00  -1.0044509e+00   7.4386726e-02   3.3968369e-03  -4.8971276e-01
   2.0000000e+00  -1.3822836e+00   9.2638659e-01  -1.6404653e+00  -4.0083810e-01  -1.6816496e+00  -9.7869453e-01
   1.0000000e+00   4.1254043e-01  -1.8063727e-02   5.0510655e-01  -1.9548153e+00   2.2042574e-01   4.5569329e-01
   2.0000000e+00   9.6098610e-01   1.0090035e+00   4.9536810e-01  -6.6533675e-01  -9.2079216e-01  -3.4957040e-01
   2.0000000e+00   1.8193546e+00  -2.2997212e+00   3.3315812e-01   1.1881645e-01   9.7474355e-01   5.8743788e-01
   2.0000000e+00  -9.4817163e-01   1.2768740e+00   9.0548002e-01  -7.5386061e-01  -1.1861225e+00  -7.8811762e-01
   2.0000000e+00   1.2345445e+00   1.0221740e-01   1.0029943e+00  -6.2880846e-01  -9.0454831e-01   2.4966968e-02
   2.0000000e+00   1.7994409e+00   6.9599486e-01  -3.9583282e-01  -1.1208683e+00  -1.4858236e+00  -3.3781450e-01
   2.0000000e+00   2.1783626e-01   5.1742482e-01   8.9826159e-01  -7.1949648e-01  -1.3967213e+00  -1.4392832e-01
   1.0000000e+00  -3.3709695e-01   1.2095131e-01   4.7803386e-01  -3.1570427e-01   2.6759102e-01   4.8594739e-01
   2.0000000e+00   2.0440639e-02  -1.9985936e+00  -9.8391664e-01   7.9292237e-01  -5.1764339e-01   4.3721054e-01
   2.0000000e+00   2.4262154e-01   8.1483799e-01  -9.5801262e-01  -4.7867001e-01   1.2229767e+00  -6.6443600e-01
   2.0000000e+00   8.6296275e-01  -4.5942669e-01   1.8200737e+00  -1.3029746e+00   9.2655980e-01   1.9600575e-01
   1.0000000e+00   2.5039225e-01   1.1936398e-01  -2.6244658e-01   1.3165399e+00   4.1172735e-01  -5.5124519e-01
   2.0000000e+00  -1.7238927e+00  -6.1768631e-01   3.8581128e-01   2.0518288e+00   7.4150061e-01   9.0560309e-01
   1.0000000e+00   9.1050695e-01   5.6741349e-01   6.4039656e-02  -4.1443036e-01   3.0781813e-01  -7.8599864e-01
   2.0000000e+00   1.4993472e+00  -7.9653279e-02   1.0000077e-02   4.0442427e-02  -1.2042220e+00   6.1243559e-01
   1.0000000e+00  -2.3658162e-01   6.5438722e-01  -7.4142010e-01   7.1485566e-02   9.4908554e-01  -4.5693747e-01
   1.0000000e+00  -4.4160771e-01   3.8510479e-01  -2.4600710e-01   1.8808240e+00   8.4234946e-01   5.9483611e-01
   2.0000000e+00  -1.3314540e+00   1.1591732e+00  -1.2227815e+00  -1.9806887e+00   7.5080402e-01   5.2464875e-01
   2.0000000e+00   1.4072834e-01  -1.7165964e-01  -5.3127498e-04  -4.7813419e-01   1.8052309e+00   1.7323947e+00
   2.0000000e+00  -8.6363828e-01   2.1504911e-01  -4.5124066e-01  -1.2655659e+00  -1.0330777e+00  -1.5581845e+00
   1.0000000e+00   6.2464133e-01   3.5942587e-02  -1.2785451e+00   6.6713534e-01   5.0770370e-01  -1.4271467e-01
   2.0000000e+00   2.9207991e-01  -7.9198407e-01  -5.0223243e-01   3.0529537e-01  -1.0325554e+00  -8.8333478e-01
   2.0000000e+00  -2.1698688e+00   5.7883277e-01   2.5001465e-01  -1.0474329e+00   6.9220221e-01   1.2758568e+00
   2.0000000e+00   1.8293227e+00  -9.5248921e-01  -2.9147337e-01   8.8727351e-02  -3.2425051e-01   2.9516674e-02
   2.0000000e+00  -1.4268968e+00   1.9014542e-01  -9.4292355e-01  -4.1043626e-01  -5.8869548e-01   1.4987789e+00
   1.0000000e+00  -7.0957857e-01   1.1809152e+00   4.9036368e-01   1.1635343e-01   6.5369185e-01   7.0810954e-01
   1.0000000e+00   8.8635161e-01   1.4576803e-01  -6.5129324e-02   1.5950628e-01   3.3834039e-01   5.1530234e-01
   1.0000000e+00  -2.4444176e-01   3.6028861e-01  -6.8757357e-01  -1.8952299e-01   3.9835846e-01   4.2848804e-01
   2.0000000e+00  -1.0460691e+00   2.7968643e-01   3.4930699e-01  -7.5621678e-01   5.1353568e-01   1.1433458e+00
   2.0000000e+00   1.1196176e+00   8.9069012e-01   9.7937247e-01   1.5350448e-01  -1.0297302e+00  -9.0177166e-01
   2.0000000e+00  -9.2757428e-01  -9.6206923e-01   8.1916604e-01   1.4839090e-01   1.3634912e+00   6.8857229e-01
   2.0000000e+00   3.1331476e-01  -1.8081233e+00   1.4771514e+00  -1.1151591e+00  -4.4687170e-01  -1.1066553e+00
   1.0000000e+00   1.0623739e-01   5.8688132e-01  -1.1832487e+00   4.3821846e-01   6.9532937e-02   3.2025017e-02
   1.0000000e+00   5.1725401e-01  -1.8820395e+00  -4.1561428e-01   1.4060013e-01   3.7524784e-01   8.1827030e-01
   2.0000000e+00  -1.3882632e-01   1.3800048e+00  -1.2323361e-01   1.0639342e-01   1.2254435e+00   6.9183542e-01
   2.0000000e+00  -3.4308575e-01   1.0869553e+00  -1.1470336e+00   3.9700813e-01  -2.4059655e-01  -4.5734587e-01
   2.0000000e+00  -6.5426598e-01  -1.3444087e-01  -1.5900860e+00  -1.4888811e+00  -3.4339420e-01  -1.0169353e+00
   2.0000000e+00  -1.9604367e+00  -2.1170605e-01  -1.2025146e+00  -9.2204183e-01   1.8107926e+00   1.5930706e+00
   1.0000000e+00  -8.3468112e-01   5.5799258e-01  -1.0182743e+00  -3.6237859e-01   3.0759401e-01  -9.5120409e-01
   2.0000000e+00   4.7680671e-01  -9.6527249e-01   5.0393601e-01  -2.2521297e-01  -2.0617842e+00   4.8994477e-01
   2.0000000e+00   2.0872406e-01  -3.2428521e-01   3.6094831e-01   3.9539107e-01   2.1998629e+00  -2.2454379e+00
   1.0000000e+00   1.9834215e-01  -1.5361838e+00   3.3474738e-01   8.6207363e-01   8.2037949e-01  -2.5665160e-01
   2.0000000e+00  -9.0983228e-01   5.7852523e-01   2.3964975e-01  -5.2403286e-01  -4.4287923e-01  -3.1084547e-01
   2.0000000e+00  -1.1596689e+00   2.2148381e+00   6.5982576e-01   1.4897676e+00   6.8223217e-01   1.3604189e+00
   1.0000000e+00   2.9291518e-01  -3.8283440e-01  -1.7275331e+00   2.3854868e-01   2.3010795e-01  -3.3191383e-01
   2.0000000e+00   5.8301001e-01  -1.5446331e-02  -7.3685951e-01  -4.9937579e-01  -9.1035539e-01  -9.9785708e-01
   2.0000000e+00  -1.0380309e+00  -4.1573334e-01   1.6316888e-02   6.0913680e-01  -1.7279630e+00  -1.1396445e+00
   2.0000000e+00   1.1566830e+00   1.8404459e-01  -2.9910216e-01   3.1008727e-01   1.7147344e-01   1.9701097e+00
   1.0000000e+00  -7.4118066e-01   1.4440136e-01   7.0037002e-01  -1.1113153e+00   2.5098009e-01   8.6480303e-02
